Fecha;Temp Media (ºC);Temp Max (ºC);Hora Temp Max;Temp Mínima (ºC);Hora Temp Min;Humedad Media (%);Humedad Max (%);Hora Hum Max;Humedad Min (%);Hora Hum Mín;Velviento (m/s);DirViento (º);VelVientoMax (m/s);Hora VelMax;Dir viento Vel Max (º);Radiación (MJ/m2);Precipitación (mm);PePMon;EtPMon
01/01/2008;5,67;14,15;13:10;0,08;6:50;78,9;95;22:50;33,77;12:50;1,33;105,3;4,98;14:13;196,8;9,62;0,2;0;1,27
02/01/2008;6,99;12,42;15:10;0,21;5:20;79,3;94,2;0:10;60,63;22:40;1,53;186,6;6,6;22:35;232,2;3,7;0,4;0;0,96
03/01/2008;9,29;12,96;13:00;4,8;0:00;69,55;87,2;7:10;53,91;14:30;1,93;208,1;9,93;13:22;300,7;3,33;0,8;0;1,25
04/01/2008;7,5;13,33;14:10;3,04;0:30;65,71;88,4;0:40;40,2;14:00;1,74;66,22;7,49;12:19;351,5;9,87;0;0;1,38
05/01/2008;8,54;17,53;15:10;2,49;5:50;59,47;83,3;6:00;26,94;13:00;1,17;93,1;3,88;8:17;88,3;7,61;0;0;1,51
06/01/2008;13,76;22,75;14:50;6,08;0:20;65,33;83,2;18:30;39,76;14:50;1,2;90;3,72;15:52;346,2;9,83;0;0;1,62
07/01/2008;12,07;19,79;13:10;6,55;20:30;64,22;91,1;21:40;33,55;13:20;1,35;63,68;4,47;0:55;90,8;9,96;0;0;1,62
08/01/2008;9;11,54;14:50;4,66;2:40;88,9;96,6;6:30;74,5;0:20;0,48;93,5;2,09;11:01;21,16;1,64;0;0;0,6
09/01/2008;11,82;15,5;14:30;9,79;4:30;79,7;93,5;0:00;57,6;14:20;0,75;136,7;3,27;15:22;203,1;5,43;0;0;0,9
10/01/2008;11,55;17,03;13:40;5,54;23:30;78;95,4;0:00;47,96;13:40;0,8;121,2;3,46;14:14;26,61;8,01;0;0;1,03
11/01/2008;11,14;17,65;12:50;2,37;6:30;69,39;98,2;7:30;37,83;13:10;2,12;196,3;10,68;18:21;264;9,03;0;0;1,8
12/01/2008;8,67;15,82;15:10;2,17;5:40;55,88;89,7;22:40;22,12;15:10;1,44;85,7;5,64;11:04;297,5;10,62;0;0;1,62
13/01/2008;6,77;15,22;13:10;-0,8;7:20;66;89,7;7:30;34,11;12:40;1,13;118,1;4,92;14:08;187,3;10,55;0;0;1,29
14/01/2008;7,66;14,64;13:10;1,76;4:10;74,6;88,7;4:10;54,3;13:10;1,01;92,4;3,4;15:08;91,4;3,85;0;0;1,01
15/01/2008;8,86;15,43;12:50;3,8;7:20;66,75;82,1;4:40;37,77;12:50;1,46;139;5,39;12:13;242,9;9,28;0;0;1,51
16/01/2008;13,46;19,55;13:50;5,48;0:10;48,59;77,3;0:10;27,75;16:10;3,44;238;12,62;13:08;295,9;7,09;0;0;3,06
17/01/2008;11,52;19,13;15:00;6,15;6:50;56,94;84,6;20:20;28,01;14:00;1,29;103,7;5,51;2:19;94,2;10,52;0;0;1,73
18/01/2008;12,83;21,08;12:40;6,15;23:50;58,7;86,3;23:30;32,33;12:20;1,4;93,8;4,82;7:33;300;10,63;0;0;1,87
19/01/2008;10,62;19,59;14:40;4,46;4:20;71,7;89,5;4:40;45,25;15:20;1,01;100,1;3,39;15:59;204,9;10,7;0;0;1,4
20/01/2008;10,14;19,45;15:20;3,79;3:10;70,8;92,6;2:40;42,75;15:20;0,99;88,8;3,91;16:02;193,2;11,01;0;0;1,4
21/01/2008;10,86;20,81;12:40;2,64;6:30;68,42;93,7;6:40;33,35;12:40;1,25;124,8;4,59;15:03;239,2;10,88;0;0;1,76
22/01/2008;14,48;24,16;15:10;8,04;2:40;46,84;70,3;2:40;18,59;15:10;1,24;99,1;4,32;11:52;63,29;11,25;0;0;2,25
23/01/2008;10,88;17,92;12:20;4,66;23:40;64,16;96,2;23:40;38,35;0:20;1,33;113,8;5,49;15:25;118,4;9,51;0;0;1,57
24/01/2008;8,11;15,76;15:00;2,17;6:20;84,3;98;5:50;57,79;14:50;0,95;125,8;4,47;15:20;187,3;8,09;0;0;1,07
25/01/2008;8,67;13,96;14:10;4,39;20:10;79,8;93;22:40;39,88;15:40;1,08;67,07;4,14;11:19;17,12;4,65;0;0;1,21
26/01/2008;8,04;13,28;15:10;3,11;0:00;78,5;92,3;0:00;60,32;15:30;0,91;65,59;3,9;12:40;23,56;5,29;0;0;0,95
27/01/2008;7,04;12,41;15:00;2,64;22:40;78,3;93,3;0:10;60,2;15:00;1,15;83,9;3,71;15:05;46,06;3,53;0,2;0;0,95
28/01/2008;7,31;16,83;14:40;-0,46;6:40;70,7;96,8;7:00;27,4;13:50;0,94;76,7;3,41;13:11;323,8;11,8;0;0;1,47
29/01/2008;8,13;16,63;13:40;3,25;0:00;65,17;93,9;21:40;39,88;10:50;1,25;100,6;4,26;14:29;259,9;11,42;0;0;1,56
30/01/2008;10,34;20,39;14:30;1,63;3:00;56,59;93,4;0:20;20,43;13:30;1,22;99,4;4,98;14:56;222;11,97;0;0;2
31/01/2008;8,03;15,08;14:20;0,55;6:50;73,3;96,7;23:30;54,53;13:40;1,1;95,4;4,41;15:53;192;10,25;0;0;1,25
01/02/2008;8,11;16,29;12:50;0,35;6:20;77,9;98,2;6:30;46,49;12:30;1,23;148,3;5,87;13:35;202;11,59;0,2;0;1,47
02/02/2008;10,85;17,1;13:50;4,46;23:50;57,62;84,4;0:00;33,42;14:10;1,46;122,7;5,9;15:30;180,9;11,86;0;0;1,87
03/02/2008;8,43;14,75;13:00;2,51;4:40;80,8;95,7;3:00;53,67;12:40;1,58;149,4;6,05;14:38;199,4;11;0;0;1,46
04/02/2008;12,96;19,07;15:00;6,35;0:00;53,64;93,6;0:20;26,86;15:40;2,38;274,9;7,8;8:29;232,8;11,95;0;0;2,58
05/02/2008;9,87;18,23;15:00;2,57;6:20;65,14;93,1;23:40;34,63;14:40;1,29;107,1;4,16;16:34;204,6;12,74;0;0;1,85
06/02/2008;9,82;19,86;14:30;2,17;6:50;70,9;95,9;2:40;33,75;14:20;1,17;83,1;4,47;14:27;2,4;12,93;0;0;1,9
07/02/2008;8,91;16,9;14:20;3,72;5:20;69,07;94;0:20;41,61;14:00;1,42;79,7;5,23;11:58;49,68;12,43;0,2;0;1,78
08/02/2008;9,26;16,9;14:30;2,92;7:10;70,9;93;20:30;41,61;14:00;1,67;51,65;5,42;13:38;354,5;13,15;0;0;1,92
09/02/2008;8,88;14,75;13:30;4,53;20:40;72,9;91,9;2:10;38,57;15:40;1,53;43,95;6,09;11:51;88,1;11,71;0;0;1,76
10/02/2008;7,75;14,08;14:10;3,92;5:30;72,5;87;22:10;48,06;14:00;1,3;51,33;5,64;15:16;50,17;10,13;0;0;1,51
11/02/2008;8,82;12,34;14:30;5,2;2:20;69,75;84,9;3:20;52,88;14:10;1,4;40,31;5,11;11:02;17,79;6,67;0;0;1,34
12/02/2008;8,73;12,41;12:10;5,47;5:00;79,1;91,4;19:00;58,71;12:10;1,69;39,28;6,24;12:30;10,67;4,73;0;0;1,23
13/02/2008;8,49;10;14:00;5,88;6:50;82,7;91,7;15:40;67,88;10:10;2,02;54,11;7,16;15:15;65,9;2,27;0,8;0;1
14/02/2008;11,08;13,55;14:00;8,98;0:10;81,6;90,8;8:40;67,23;13:40;3,49;44,56;7,68;23:25;33,95;4,37;1,2;0;1,47
15/02/2008;11,55;16,51;13:00;8,16;22:00;76,4;90,8;3:00;50,28;13:30;1,86;39,79;6,39;0:41;20,48;8,65;0,6;0;1,8
16/02/2008;9,99;13,35;13:10;6,14;22:50;78,5;90,6;22:50;57,55;11:00;1,35;67,74;5,05;14:10;75,3;6,14;0;0;1,29
17/02/2008;9,63;12,08;14:30;7,36;4:40;80;93,5;22:30;66,77;15:50;2,28;49,54;6,57;14:45;71,6;5,08;1,6;0;1,24
18/02/2008;10,4;12,07;13:40;9,05;7:10;94;96,9;22:10;87,6;13:00;1,33;25,88;5,3;2:04;49,93;2,3;1;0;0,7
19/02/2008;10,82;12,82;13:20;7,76;5:30;94,8;97,4;6:10;87,6;10:10;0,79;134,9;2,67;8:37;13,56;2,54;4;1,03;0,7
20/02/2008;12,04;19,32;12:40;5,54;4:40;80;98,7;4:50;41,6;13:00;1,04;84,9;4,88;14:17;140,1;11,38;0;0;1,85
21/02/2008;11,43;14,64;14:00;7,09;23:40;86,8;96,6;6:50;69,67;15:10;1,31;49,18;5,01;12:35;35,09;4,75;0,4;0;1,1
22/02/2008;9,23;14,09;14:40;5,54;3:10;85,4;96,8;3:30;62,22;14:40;1,17;36,75;6,22;13:50;32,21;7,98;0;0;1,3
23/02/2008;10,62;14,5;15:30;7,83;4:30;81,4;94,6;0:00;63,78;15:30;1,81;38,66;5,73;14:58;14,32;6,82;4,8;1,69;1,41
24/02/2008;10,16;11,2;17:20;8,98;6:10;95,4;98;7:50;90,7;20:40;1,35;27,31;4,22;8:35;36,75;1,83;13,2;7,83;0,63
25/02/2008;12,37;18,66;15:00;7,64;5:50;85,1;97,6;23:40;61,91;15:10;1,32;42,43;5,39;14:21;35,45;14,02;0;0;1,93
26/02/2008;13,27;20,13;14:10;9,39;23:50;84,8;98,1;8:00;53,91;12:40;1,06;102,1;4,66;14:27;238,6;15,37;0;0;2,13
27/02/2008;13,93;20,8;12:00;8,58;6:10;70,7;96,9;1:00;43,15;12:20;1,4;147;5,55;13:47;212,9;16,6;0;0;2,52
28/02/2008;11,79;18,66;12:40;7,5;3:00;82,8;95,3;4:30;51,15;12:20;1,12;77,7;5,69;13:41;233,9;10,94;0,2;0;1,84
29/02/2008;11,68;19,18;12:00;6,15;6:50;83;96,8;23:40;46,81;11:40;1,03;133,1;5,8;15:03;197,8;12,99;1,8;0;2
01/03/2008;12,36;21,27;12:50;5,07;5:10;77;98;2:00;38,55;12:20;1,2;165,5;5,44;14:57;200,2;17,56;0,2;0;2,57
02/03/2008;13,31;22,07;13:40;6,55;5:00;67,52;94;3:40;43,07;13:50;1,37;140,3;5,04;14:47;199,6;17,8;0;0;2,73
03/03/2008;13,81;23,56;13:20;3,18;5:50;60,99;92,5;6:20;25,35;13:40;1,57;122,4;6,57;22:15;27,79;18,62;0;0;3,27
04/03/2008;12,59;19,25;13:10;7,23;23:30;51,26;91,1;6:30;21,33;19:10;2,3;38,44;9,15;21:09;351,8;16,24;0;0;3,3
05/03/2008;7,33;11,8;13:50;3,32;0:00;29,31;40,78;16:40;17,68;9:20;4,25;14,22;12,68;9:36;354,6;15,58;0;0;3,85
06/03/2008;5,68;13,13;15:20;0,01;4:30;40,55;81,9;22:50;15,91;15:20;1,97;18,38;8,05;9:34;342,4;19,5;0;0;2,79
07/03/2008;11;21,01;13:20;0,28;2:10;38,03;80,5;0:40;12,51;14:30;1,71;105,8;8,49;11:12;349,4;19,74;0;0;3,49
08/03/2008;12,35;20,47;13:10;4,53;23:20;38,32;78,3;23:30;13,26;11:50;1,61;124,7;6,66;13:39;209,7;19,51;0;0;3,39
09/03/2008;11,12;19,86;14:20;0,82;6:00;55,24;89,5;5:50;22,8;12:10;1,3;149,2;6,26;14:52;191,5;19,37;0;0;2,93
10/03/2008;12,07;17,33;14:40;3,92;6:10;52,47;85,3;6:20;23,62;15:20;2,12;213,5;9,58;16:29;278,8;8,23;0;0;2,63
11/03/2008;16,12;25,3;14:00;7,29;6:30;55,94;87,3;6:30;29;13:40;1,33;160,7;5,49;15:29;201,8;19,04;0;0;3,42
12/03/2008;17,17;26,27;11:10;9,38;4:40;51,16;76,7;4:40;27,32;12:00;1,65;110,7;7,31;13:54;197,3;20,18;0;0;3,96
13/03/2008;15,55;23,22;14:00;8,71;6:20;58,56;83,1;0:00;34,82;14:10;1,38;88,9;5,12;14:32;103,7;18,66;0;0;3,25
14/03/2008;15,68;24,64;16:00;8,98;2:30;57,43;84,8;2:30;24,95;16:20;1,17;53,08;5,79;15:16;214,4;19,46;0;0;3,39
15/03/2008;16,92;27,4;13:40;9,18;3:00;50,29;82;6:20;22,32;16:50;1,55;95;7,9;9:19;206,6;14,14;0;0;3,69
16/03/2008;15,28;23,08;14:00;8,44;1:20;46,8;70,6;21:10;24,69;12:00;1,49;144,9;5,62;14:55;200,4;21,59;0;0;3,75
17/03/2008;14,9;22,83;11:20;5,88;6:10;40,48;76,7;21:40;20,71;9:20;1,6;173,7;6,12;12:44;205,4;18,46;0;0;3,61
18/03/2008;14,44;21;12:50;8,51;22:50;47,38;72;23:10;21,7;13:10;1,64;130,7;5,99;13:43;123,3;21,63;0;0;3,74
19/03/2008;13,1;18,53;13:10;7,22;3:20;47,02;78,7;23:20;28,01;12:10;1,65;134;6,37;13:38;194,7;18,49;0;0;3,2
20/03/2008;10,91;13,55;11:40;8,64;0:00;78,7;97,1;22:00;55,72;12:30;2,58;48,3;6,75;12:03;53,26;6,91;0,6;0;1,75
21/03/2008;12,16;17,98;13:10;7,22;1:50;72;97;2:30;45,06;12:50;1,79;194,1;6,94;14:47;198,6;20,73;0;0;3,02
22/03/2008;14,67;22,7;11:50;5,4;6:00;42,02;75,2;5:50;13,8;14:40;2,81;247;10,72;13:37;236,3;22,34;0;0;4,91
23/03/2008;9,01;13,67;13:50;3,72;23:40;38,4;64,08;1:30;19,63;15:30;3,31;336,2;9,81;10:59;335,6;22,73;0;0;3,9
24/03/2008;11,59;20,06;15:00;3,18;0:20;31,81;54,91;0:20;15,22;12:50;2;142,4;8,12;13:34;241,7;23,3;0;0;4,19
25/03/2008;13,32;20,4;12:20;4,26;2:50;42,12;66,35;2:50;22,46;12:10;1,9;122,9;7,87;13:45;160,3;22,84;0;0;3,98
26/03/2008;15,46;22,77;13:00;7,57;5:50;41,88;70,2;6:10;18,87;13:00;2,5;308,2;9,77;14:22;273;21,27;0;0;4,66
27/03/2008;15,99;21,28;15:10;10,13;6:00;43,31;58,43;23:50;30,71;15:00;3,38;275,6;10,33;12:12;245,1;20,06;0;0;4,78
28/03/2008;17,14;23,96;14:10;10,93;4:00;48,83;70,6;4:00;28,94;11:30;1,95;158,4;6,51;13:34;176,1;22,85;0;0;4,45
29/03/2008;14,37;20,21;13:20;9,66;1:40;67,91;91,8;3:40;41,8;13:50;2,17;49,74;7,08;13:38;32,18;18,11;0;0;3,37
30/03/2008;16,38;23,29;13:40;7,09;1:50;50,99;90;1:20;28,89;18:20;2,46;226,1;9,6;23:49;333,5;22,61;0;0;4,44
31/03/2008;14,9;20,8;14:20;7,09;5:10;28,39;56,71;4:40;12,45;14:40;2,51;351,7;8,42;0:07;330,3;24,5;0;0;4,9
01/04/2008;14,34;22,28;14:10;6,55;23:50;32,99;60,57;22:50;19,74;15:00;2,38;61,91;10,05;8:32;5,86;23,96;0;0;4,82
02/04/2008;13,06;21,35;12:20;3,92;3:30;36,54;62,9;3:40;16,1;14:50;1,72;146,3;6,62;13:20;202,2;25,31;0;0;4,34
03/04/2008;15,23;25,72;12:40;4,32;5:50;30,01;58,08;6:00;11,91;9:30;1,57;122,8;6,5;13:24;204,1;24,99;0;0;4,77
04/04/2008;12,77;20,14;11:40;6,15;6:00;47,9;75,4;0:00;29,24;18:00;2,26;103,7;8,46;18:12;80,5;24,37;0;0;4,25
05/04/2008;12,31;19,86;13:20;3,92;5:40;64,51;91;5:50;42,9;12:10;1,84;189,6;6,41;11:37;228,2;24,47;0;0;3,69
06/04/2008;17,54;27,48;14:50;6,42;4:50;48,36;90,3;5:00;16,02;12:20;1,95;195,2;7,54;12:56;183,5;20,47;0;0;4,85
07/04/2008;16,34;21,83;12:00;11,27;2:20;54,14;82,1;20:30;34,31;9:50;1,98;96,7;8,17;12:17;12,01;11,16;0;0;3,19
08/04/2008;17,02;19,61;9:10;12,95;4:40;49,26;80,4;0:00;33,76;9:10;2,72;210,1;7,07;1:52;251,4;11,9;0;0;3,45
09/04/2008;17,19;23,4;9:00;9,25;5:20;67,63;92,1;5:20;41,47;9:10;1,65;185;7,84;20:08;249,4;10,91;3,6;0,69;2,87
10/04/2008;19,16;25,92;14:30;12,14;4:50;47,19;85,9;6:00;16,97;15:10;4,16;210,9;14,47;12:40;219,7;24;0;0;6,44
11/04/2008;14,33;20,08;13:10;9,59;23:10;38,18;53,32;23:10;15,02;12:40;4,02;275,3;10,22;3:54;275,2;21,24;0;0;5,71
12/04/2008;13,17;19;12:30;7,09;5:30;42,96;64,04;5:30;23,88;11:30;2,31;137,9;9,21;14:38;203;21,82;0;0;4,28
13/04/2008;14,12;20,07;11:40;8,58;5:00;42,89;60,23;4:50;24,02;11:20;2,43;130,2;9,45;13:50;185,3;25,35;0;0;4,8
14/04/2008;14,51;21,14;13:30;8,17;4:30;50,64;85,6;23:30;25,9;12:40;1,9;106,4;7,11;13:50;207,7;25,25;0;0;4,41
15/04/2008;12,85;19,66;12:40;5,14;4:00;55,89;94,1;3:20;20,16;11:10;1,74;102,3;6,38;16:31;120,5;25,48;0;0;4,17
16/04/2008;12,82;17,44;13:50;7,83;5:20;60,35;89,5;0:00;35,47;11:00;1,6;322,9;5,98;17:03;204,5;13,21;0;0;2,76
17/04/2008;17,35;22,84;10:10;8,57;1:10;43,79;94,1;1:20;14,88;13:20;3,31;252,2;11,26;9:57;288,8;15,31;0;0;4,75
18/04/2008;16;21,16;13:20;10,13;4:10;42,85;81,9;8:10;22,59;15:20;4,47;241,3;12,74;13:28;280,5;21,63;1,2;0;5,41
19/04/2008;15,51;20,88;12:20;7,83;5:00;46,28;65,22;23:20;30,52;9:20;3,16;187,2;10,82;13:23;194;26,49;0;0;5,16
20/04/2008;14,58;20,22;13:00;9,52;2:00;47,93;78,9;5:10;24,97;13:40;4,34;246,4;14,5;5:03;264;21,28;1;0;5,17
21/04/2008;15,18;21,16;14:10;9,25;5:20;43,56;63,88;0:00;26,79;14:20;2,51;254,9;8,04;14:16;275,1;22,15;0;0;4,73
22/04/2008;15,32;21,95;12:20;7,56;2:50;47,49;75,3;5:00;25,7;11:10;1,87;160,5;8,42;13:24;199,2;27,32;0;0;4,8
23/04/2008;18,18;25,04;12:50;10,26;5:30;43,42;66,93;5:40;27,25;12:50;2,05;148,2;7,22;11:55;210,6;27,34;0;0;5,38
24/04/2008;19,92;27,79;12:20;11,54;5:30;44,59;69,83;5:30;24,81;12:20;1,5;102,2;6,42;12:58;137,8;23,81;0;0;4,99
25/04/2008;17,59;24,77;12:00;9,79;4:00;47,91;79,5;4:00;26,24;11:10;1,74;102,2;6,7;13:48;150,6;27,8;0;0;5,14
26/04/2008;18,01;27,25;13:40;8,44;5:10;37,93;73,6;5:10;15,21;11:40;1,58;68,86;6,43;10:33;14,69;27,84;0;0;5,46
27/04/2008;16,88;26,58;13:10;9,04;0:30;40,6;69,43;0:00;17,58;11:30;1,7;122,1;7,89;13:06;186,1;27,18;0;0;5,45
28/04/2008;19,13;27,34;11:10;7,7;4:30;43,74;78;1:00;21,71;20:20;2,11;226,2;7,59;19:38;288;22,88;0;0;5,32
29/04/2008;17,54;22,95;12:40;11,33;22:00;45,06;79,2;23:50;27,74;9:00;2,21;182,3;7,91;15:03;197,5;27,77;0;0;5,24
30/04/2008;16,54;23,49;12:30;9,12;5:00;42,15;73,2;0:00;20,49;10:50;1,73;112,6;7,2;12:43;119,6;28,23;0;0;5,17
01/05/2008;15,42;22,77;12:10;7,23;5:10;60,17;89,1;22:40;39,35;14:40;1,61;77,6;6,32;11:23;28,72;27,82;0;0;4,6
02/05/2008;16,86;24,77;13:20;8,92;3:20;51,76;92,2;2:30;22,52;16:50;2,01;55,22;6,79;15:31;93,9;25,47;0;0;5,1
03/05/2008;17,92;24,71;13:20;11,41;4:00;36,97;68,06;0:00;24,14;12:20;1,75;70,1;6,14;14:11;85;23,92;0;0;4,98
04/05/2008;18,87;27,12;12:30;11;4:20;41,29;68,06;0:00;16,02;12:30;1,65;144,7;5,8;15:23;240,8;26,59;0;0;5,54
05/05/2008;19,38;27,86;13:50;10,86;5:00;44,25;63,53;4:20;22,64;15:10;1,43;97,9;6,55;14:12;225,4;25,68;0;0;5,27
06/05/2008;19,38;26,93;11:40;11,74;2:30;42,48;69,96;4:50;17,78;11:10;2,06;74,8;7,33;10:15;62,04;25,69;0;0;5,77
07/05/2008;18,85;23,83;13:30;13,96;3:50;46,07;62,16;5:30;33,4;13:40;3,23;42,08;9,27;15:56;53,11;23,25;0;0;5,64
08/05/2008;14,24;16,67;0:50;12,75;12:30;86,3;97,2;13:30;51,86;0:40;1,7;37,56;6,27;11:59;13,85;2,58;33,8;20,6;1,5
09/05/2008;15,58;20,74;13:50;13,7;0:00;83,6;95,5;2:10;59,05;13:40;1,3;235,8;9,27;14:30;274,9;12,83;1,6;0;2,58
10/05/2008;14,14;19,14;16:10;10,06;3:10;66,75;92,5;3:00;38,77;16:10;2,37;262,4;7,86;13:20;261,4;17,96;1,6;0;3,64
11/05/2008;13,49;17,25;16:40;10,73;23:40;81,6;93,6;22:10;62,6;15:10;1,37;170,9;5,06;9:51;27,3;12,46;2;0;2,33
12/05/2008;14,6;19,4;12:30;9,38;2:10;74,8;93,8;2:10;44,92;11:10;1,48;149,7;5,87;15:19;210,9;15,55;0,2;0;3,03
13/05/2008;16,46;21,23;15:00;11,81;1:10;74,6;94,4;0:00;47,97;15:00;1,43;165,2;6,84;14:39;183,7;17,66;0;0;3,37
14/05/2008;17,37;23,44;14:40;12,22;0:20;76,2;97,6;2:10;42,88;14:40;1,45;42,42;5,45;15:54;218;20,78;0;0;3,94
15/05/2008;17,56;22,29;11:40;12,15;5:20;71,2;95,1;2:40;47,21;10:30;1,39;153,2;6,88;11:40;153,8;18,45;0;0;3,55
16/05/2008;18,1;24,57;12:20;11,68;4:00;63,1;91,5;4:00;28,8;12:30;1,56;125,1;7,71;13:48;176,3;26,05;0;0;4,93
17/05/2008;17,57;22,56;15:10;13,09;4:50;67,25;86,5;22:10;43,56;9:10;1,59;111;8,19;10:54;259,2;19,97;3,2;0,35;3,95
18/05/2008;15,93;21,75;10:40;8,82;22:20;74,5;91,8;3:10;47,21;10:40;1,93;90;11,18;11:20;249,5;16,54;19,2;11,84;3,45
19/05/2008;16,46;22,63;15:30;9,92;1:10;55,66;89,7;0:00;30,03;16:00;1,95;308,3;6,68;12:46;312,9;24,29;0;0;4,69
20/05/2008;17,07;;;;;54,09;64,73;22:10;;17:49;1,16;117,2;5;17:49;174,5;0,14;0,2;;
21/05/2008;19,55;24,98;12:40;13,63;2:50;48,75;78,1;23:10;25,69;11:00;1,78;127,6;6,97;12:45;129,1;29,71;0;0;5,71
22/05/2008;21,04;26,32;13:50;15,92;0:00;50,03;75,5;0:10;31,17;16:30;2,04;137,5;7,48;14:53;205,3;27,97;0;0;5,84
23/05/2008;21,67;27,19;10:50;15,11;0:30;51,18;86,1;23:20;31,37;15:40;1,81;142,7;7,31;12:41;182,1;27,6;0;0;5,65
24/05/2008;20,73;26,33;16:30;14,77;3:10;51,96;84,9;2:30;23,87;16:30;1,81;180,6;7,98;14:27;207;26,86;0;0;5,59
25/05/2008;16,96;19,34;16:00;14,43;23:40;58,66;83,2;0:00;41,54;14:20;1,9;117,8;6,53;14:52;167;12,52;0;0;3,14
26/05/2008;16,62;20,74;11:30;13,43;4:00;64,34;88,4;2:50;40,18;10:50;1,39;177,7;6,91;12:20;212,4;15,14;0;0;3,25
27/05/2008;17,56;21,89;11:00;13,89;1:00;53,46;82,1;23:20;33,76;17:10;1,25;119,6;5,45;14:10;187,4;13,71;0;0;3,25
28/05/2008;17,48;22,95;11:20;11,53;4:50;55,6;83,8;5:20;31,38;10:30;1,49;151,5;7,17;12:57;179,6;24,12;0,2;0;4,58
29/05/2008;18,4;24,1;11:40;11,54;4:00;45,55;70,6;4:00;29,82;13:30;1,89;133,1;8,41;13:12;193,7;26,87;0;0;5,32
30/05/2008;19,79;24,91;10:40;13,7;5:00;56,82;87,5;0:00;36,24;12:20;1,7;64,56;6,04;15:32;27,36;21,95;0;0;4,6
31/05/2008;17,23;22,56;13:20;14,84;21:50;72,4;89,2;0:40;37,13;13:20;2,62;157,3;8,31;14:37;163,1;18,85;0;0;4,38
01/06/2008;17,58;22,43;13:50;11,88;4:20;66,52;93,5;3:40;34,36;10:10;1,48;157,8;6,29;12:46;177,4;21,73;0,2;0;4,19
02/06/2008;19,26;25,92;12:10;11,81;1:20;49,75;88,5;1:20;26,84;11:20;1,93;135,3;7,89;14:04;190,9;25,06;0;0;5,29
03/06/2008;19,91;25,92;11:00;13,7;1:00;55,67;81,7;0:00;33,54;10:10;1,73;108;6,38;13:33;109,2;22,12;0;0;4,83
04/06/2008;19,66;26,32;13:30;13,02;3:10;60,69;90,1;3:50;30,89;13:50;1,97;198,8;6,29;15:07;202,2;27,08;0;0;5,52
05/06/2008;22,28;28,88;10:20;13,7;4:50;51,82;84,6;3:30;26,09;13:10;2,16;120,5;8,93;14:17;182,8;28;0;0;6,22
06/06/2008;20,04;26,19;12:30;14,16;23:40;61,9;88,8;4:30;28,87;12:30;2,01;81,9;7,25;12:31;44,26;29,73;0;0;5,91
07/06/2008;19,54;25,65;11:30;13,56;4:40;62,86;88,2;23:00;34,01;11:30;1,82;123;7,84;15:24;178,1;27,39;0;0;5,38
08/06/2008;18,42;23,63;13:10;14,43;0:10;67,59;88,7;2:10;39,35;13:50;1,88;96,5;6,73;12:33;95,8;17,85;0;0;4,05
09/06/2008;16,46;19,61;14:50;13,36;6:10;79,3;93,5;5:00;65,16;14:50;2,45;43,81;6,85;16:44;98,5;16,8;3,2;0,34;3,13
10/06/2008;18,55;24,84;14:20;13,09;4:30;68,51;96,4;22:10;40,16;12:50;1,69;78,9;9,55;20:24;344,9;23,42;18;11,1;4,6
11/06/2008;18,08;23,56;11:20;13,63;4:30;79,1;94,7;0:10;55,71;11:30;1,39;153,3;6,34;12:02;161,5;23,1;2,2;0;4,15
12/06/2008;20,37;25,85;12:00;14,23;4:50;68,6;95,7;3:40;39,15;11:50;1,16;154,5;7,07;13:33;131,6;22,44;0;0;4,42
13/06/2008;22,23;27,86;14:20;15,65;1:40;54,93;90;1:40;31,44;17:30;2,03;166,7;6,59;14:43;192,8;29,96;0;0;6,16
14/06/2008;23,78;31,44;11:30;14,98;3:10;51,17;86,2;0:00;19,94;14:10;1,65;102;6,92;14:37;177,3;27,16;0;0;6,21
15/06/2008;23,25;31,7;12:10;15,11;4:40;61,57;92,7;5:20;21,29;12:00;1,46;157,1;6,33;13:31;226;29,16;0;0;6,27
16/06/2008;25,49;32,43;13:50;17,66;1:20;33,94;73,6;0:00;23,24;14:00;1,59;53,14;9,52;13:45;234,7;30,48;0;0;6,77
17/06/2008;22,86;28,67;11:50;16,66;23:50;45,03;74,3;0:00;25,35;11:30;1,96;96,2;7,31;16:37;137,8;30,97;0;0;6,61
18/06/2008;21,44;27,73;14:50;14,24;4:30;60,45;87,8;4:20;38,39;11:00;1,53;107,7;6,35;15:22;127,2;26,02;0;0;5,28
19/06/2008;23,13;31,15;13:30;15,25;3:00;53,87;85,2;3:00;23,85;14:40;1,46;87,4;6,3;16:44;254;30,03;0;0;6,32
20/06/2008;23,83;31,82;13:50;15,25;4:30;46,9;74,7;4:50;18,66;10:40;1,71;102,2;6,03;13:38;145,3;30,39;0;0;6,78
21/06/2008;23,68;31,62;13:40;14,91;3:00;39,17;66,82;2:40;13,51;13:10;1,82;71,7;6,95;13:28;98,7;30,83;0;0;7,01
22/06/2008;24,76;31,89;14:20;16,47;4:20;36,91;58,09;2:40;15,54;14:50;2,33;53,17;7,41;11:52;35,03;29,72;0;0;7,5
23/06/2008;25,12;32,09;13:40;18,75;2:30;49,49;84,8;20:20;25,95;10:00;1,99;61,84;6,55;14:58;52,67;28,02;0;0;6,68
24/06/2008;26,23;32,57;15:30;18,54;4:50;48,03;88,5;4:30;16,63;18:30;1,76;183,5;6,35;13:38;179,3;30,14;0;0;6,93
25/06/2008;26,81;32,91;12:00;18,94;4:10;46,67;75,8;0:00;29,39;11:50;1,65;86;6,15;11:25;144,5;29,4;0;0;6,7
26/06/2008;25,73;32,9;13:30;18,54;2:40;52,01;82,1;3:00;29,66;13:30;1,75;127,2;7,94;17:49;242,2;29,13;0;0;6,68
27/06/2008;25,37;32,29;13:20;18,34;3:30;51,18;71,5;3:40;29,46;11:10;1,77;86,6;6,74;9:24;351,2;28,88;0;0;6,65
28/06/2008;24,65;30,88;14:00;18,54;4:50;51,72;75,3;4:40;31,96;14:00;1,57;149;6,08;15:09;132,6;28,8;0;0;6,28
29/06/2008;24,67;31,55;13:20;17,53;4:50;47,51;73,3;5:00;23,78;14:00;1,52;140,6;5,66;11:40;129;29,21;0;0;6,43
30/06/2008;25,27;33,1;13:40;17,12;3:30;45,59;83,7;0:00;18,38;14:10;1,61;212,9;7,18;13:40;225,8;24,19;0;0;6,07
01/07/2008;25,17;33,04;13:00;17,46;2:50;51,64;87,3;0:00;21,29;10:20;2,4;203,7;7,33;16:03;215,6;29,2;0;0;7,32
02/07/2008;26,15;35,19;13:00;16,99;4:10;53,63;91,9;5:00;13,04;15:10;1,86;200;6,59;10:22;222,7;29,65;0;0;7,31
03/07/2008;26,46;34,44;13:30;17,12;3:20;45,6;79,2;0:00;19,32;10:20;1,88;86,5;7,28;16:41;143,4;29,41;0;0;7,15
04/07/2008;24,71;30,54;13:30;18,68;4:20;66,68;90,4;3:50;42,51;11:30;1,74;46,76;6,67;14:03;134,5;26,83;0;0;5,82
05/07/2008;26,99;35,39;14:00;19,75;2:30;60,38;89,2;3:00;28,38;18:10;1,68;207,2;8;13:17;255,2;27,83;0;0;6,74
06/07/2008;28,53;35,58;15:20;18,27;4:20;42,97;92;3:00;18,51;13:50;1,67;155,9;6,43;13:53;178,2;29,67;0;0;7,07
07/07/2008;26,86;32,16;13:10;19,89;4:30;37,18;84,2;23:40;20,82;9:20;1,83;103,4;6,52;10:18;144,5;29,3;0;0;6,81
08/07/2008;24,56;30,02;12:00;19,75;5:10;69,73;89;2:40;48,46;10:40;2,01;64,59;6,6;15:46;107,7;24,18;0;0;5,44
09/07/2008;25,12;31,95;14:30;19,48;4:50;69,31;91,5;5:00;41,07;14:30;1,69;16,55;6,25;15:39;346,4;26,78;0;0;5,96
10/07/2008;26,17;33,97;15:40;19,35;4:50;63,73;90,2;4:40;28,17;16:00;1,68;238,4;6,82;16:33;228,4;27,41;0;0;6,49
11/07/2008;28,32;36,12;14:40;19,42;2:10;33,02;84,5;2:00;12,97;14:10;1,92;147,7;7,85;12:17;156,7;29,84;0;0;7,56
12/07/2008;27,06;33,31;10:40;17,92;4:40;38,66;79;0:00;17,16;10:50;1,9;127,4;6,98;13:04;184,8;29,22;0;0;7
13/07/2008;23,97;29,53;12:40;20,28;23:40;62,8;83,9;1:20;40,15;10:40;2,06;85,4;7,54;14:07;136,9;23,16;0;0;5,51
14/07/2008;20,21;21,82;14:50;18,48;10:40;83,5;92,5;8:30;74,1;6:00;1,96;41,7;7,1;6:29;74,3;7,14;8;4,17;1,98
15/07/2008;21,53;26,72;13:40;17,33;3:00;68,93;95;3:10;33,06;16:00;1,84;48,1;6,48;16:45;100,5;22,18;0,2;0;4,92
16/07/2008;20,84;23,1;14:30;17,87;1:50;73,9;91,7;0:00;59,99;18:10;2,05;32,63;6,95;13:21;19,78;12,78;2,6;0;3,06
17/07/2008;23,96;31,35;14:10;18,27;2:50;62,82;91,9;0:20;29,93;13:50;1,6;55,06;5,88;14:51;82,1;27,59;0;0;6,05
18/07/2008;24,76;32,3;13:20;18,41;2:30;63,37;92,7;2:30;30,68;11:40;1,57;74,6;6,31;11:34;4,89;28,34;0;0;6,22
19/07/2008;25,23;32,62;15:50;18,54;3:20;58,7;93;4:00;26,22;12:30;1,56;64,24;5,2;15:56;266,3;23,26;0;0;5,64
20/07/2008;26,94;35,19;14:00;18,88;4:50;45,78;79,5;1:40;19,66;15:20;1,78;186,6;6,25;13:58;218,3;24,79;0;0;6,54
21/07/2008;26,13;31,35;13:20;20,28;2:50;56,33;84,7;23:20;35,99;6:30;1,87;93,8;6,9;14:23;127;26,35;0;0;6,08
22/07/2008;24,36;30,68;12:50;19,41;3:10;65,41;91,2;3:50;46,22;12:50;1,54;66,17;5,86;16:15;118,3;23,52;0;0;5,17
23/07/2008;24,86;34,11;14:30;16,99;4:20;56,85;81,7;4:00;29,79;14:30;1,61;228,8;6,77;15:06;243;27,75;0;0;6,4
24/07/2008;26,3;35,26;12:50;19,08;4:00;50,52;81,6;4:00;23,58;13:10;1,95;206,4;6,99;13:28;231,3;26,8;0;0;6,91
25/07/2008;28,61;35,39;11:40;18,82;2:10;26,84;72,6;2:10;12,9;11:40;1,79;139,8;6,74;12:28;191,4;28,79;0;0;7,11
26/07/2008;28,97;35,19;11:10;22,31;23:50;31,09;51,69;23:50;21,28;10:30;2,19;160,8;8,52;13:08;195,9;28,18;0;0;7,63
27/07/2008;27,6;33,97;13:20;19,48;3:00;43,87;70,9;23:40;23,31;10:20;1,68;84,6;6,49;12:10;95,3;27,9;0;0;6,63
28/07/2008;27,05;34,77;13:20;18,95;4:40;55,02;87,1;0:00;27,5;11:20;1,48;99,3;6,79;14:01;143,2;27,81;0;0;6,39
29/07/2008;26,15;32,84;11:40;19,76;5:10;65,34;91,5;4:00;32,09;15:10;1,91;94,5;6,96;13:16;136,3;27,04;0;0;6,32
30/07/2008;26,62;33,62;13:30;20,22;3:30;65,51;90,2;3:40;38,72;11:30;1,73;28,78;8,28;11:44;73;25,98;0;0;6,05
31/07/2008;27,6;34,84;14:20;19,89;5:10;48,89;85,2;4:40;19,12;16:00;1,7;169,6;6,94;12:50;237,6;27,46;0;0;6,67
01/08/2008;28,68;36,46;13:40;20,16;3:00;37,7;77,3;22:50;14,59;10:50;1,72;131,1;6,39;14:17;187,5;27,01;0;0;6,92
02/08/2008;26,06;31,68;14:50;20,49;2:50;64,38;84,2;5:10;43,98;15:00;1,89;71,9;5,86;10:37;18,04;19,67;0;0;5,02
03/08/2008;26,6;33,3;13:00;20,43;0:00;56,66;90,9;3:50;28,37;13:40;1,92;52,2;6,43;13:35;86,6;26,27;0;0;6,34
04/08/2008;27,66;36,58;13:50;18,75;1:20;44,34;72,9;2:40;18,17;11:20;1,76;91,9;6,14;10:45;61,41;26,68;0;0;6,89
05/08/2008;28,42;37,53;13:20;20,96;0:00;34,7;65,36;2:40;11,41;14:20;1,57;92,4;5,83;15:44;130,8;26,27;0;0;6,88
06/08/2008;28,24;37,19;13:00;20,15;4:30;33,73;68,58;22:10;14,45;14:00;1,67;187,1;6,64;13:07;224,3;26,28;0;0;6,9
07/08/2008;29,15;37,33;12:50;19,48;5:20;37,29;74,2;2:40;16,14;14:00;1,5;137,7;6,14;14:23;197,5;25,11;0;0;6,42
08/08/2008;27,22;32,16;10:30;21,91;4:50;45,37;81,8;23:40;19,01;0:00;2,15;110,5;6,57;13:20;178,3;26,79;0;0;6,69
09/08/2008;25,75;32,16;13:30;20,49;5:20;69,71;88,3;5:00;43,72;11:40;1,28;127,9;5,66;14:29;125,6;19,94;0;0;4,65
10/08/2008;26,08;34,92;13:10;19,55;5:10;59,13;92,6;5:20;14,93;12:00;1,7;195,1;6,85;12:55;223,4;25,74;0;0;6,44
11/08/2008;27,35;35,92;12:10;19,22;3:30;53,12;88,1;2:50;20,27;11:20;1,73;185,7;6,04;12:38;185,9;26,11;0;0;6,55
12/08/2008;30,19;37,87;13:10;21,64;3:00;27,07;61,57;0:00;16,35;17:40;1,58;140,8;5,79;11:20;251,6;26,43;0;0;6,79
13/08/2008;28;34,52;10:20;21,3;5:10;48,16;77;0:00;23,1;10:20;2,26;88,1;7,11;10:53;103,4;24,96;0;0;6,78
14/08/2008;25,88;31,49;13:40;21,37;23:40;69,52;84,7;4:00;47,37;11:40;1,86;157,7;6,94;11:59;252;21,5;0;0;5,11
15/08/2008;25,75;31,69;12:00;19,89;23:10;38,1;81,6;23:20;13,65;11:40;1,74;115,3;7,13;14:01;149,3;26,85;0;0;6,22
16/08/2008;23,55;29,48;13:20;17,46;5:30;61,32;86,6;4:30;31,02;12:20;1,71;199;7,04;12:42;210,8;22,2;0;0;5,07
17/08/2008;25,72;32,5;11:50;17,87;5:10;41,01;74,6;0:50;22,09;12:40;1,78;147,8;6,6;16:33;157,5;25,58;0;0;6,06
18/08/2008;25,13;33,56;14:10;17,26;3:40;56,84;80,9;23:40;26,88;14:00;1,83;115;6,6;14:48;125,1;24,61;0;0;6,01
19/08/2008;24,72;30,88;15:50;19,28;4:50;60,94;84,1;2:00;39,19;16:30;1,64;169,5;7,51;14:42;241,3;18,46;0;0;4,6
20/08/2008;24,26;30,68;13:50;17,87;2:50;68,24;85,1;0:00;48,59;11:40;1,8;96,8;6,56;15:10;124,1;18,44;0;0;4,44
21/08/2008;24,35;30,68;12:40;18,27;4:20;71,8;92,2;5:30;47,84;12:30;1,28;100,4;5,9;15:55;127,5;20,04;0;0;4,34
22/08/2008;24,85;31,42;12:40;20,55;2:20;74,5;86,4;3:50;50,61;12:40;1,46;231,8;6,3;14:23;230,7;14,72;0;0;3,81
23/08/2008;24,78;30,34;12:50;20,89;23:20;68,63;84,5;0:00;43,24;12:40;2,19;75,5;5,91;14:46;127,4;17,64;0;0;4,71
24/08/2008;24,39;30,54;13:10;18,41;4:40;69,98;91,9;5:10;44,19;12:20;1,71;202,8;6,41;13:29;226,5;22,91;0;0;4,96
25/08/2008;24,94;32,48;14:30;18,75;3:30;67,56;90,6;4:50;32,9;14:50;1,48;82,5;5,37;14:04;119,1;21,9;0;0;5,06
26/08/2008;24,64;31,62;14:00;19,55;5:20;66,73;92,8;5:10;32,5;13:50;2,25;45,52;6,81;11:46;53,26;22,97;0;0;5,64
27/08/2008;23,84;30;14:30;18;2:30;66,27;86,9;2:20;42,77;14:10;1,9;68,89;6,24;14:22;125,3;22,06;0;0;4,93
28/08/2008;23,51;30,68;13:50;18,14;3:00;66,36;91,1;3:10;29,32;14:30;1,72;75,1;7,21;14:04;129,8;23,47;0;0;5,25
29/08/2008;23,21;30,54;13:00;16,13;5:00;65,87;90,9;2:40;33,51;15:40;1,58;78,9;7,35;9:55;58,09;23,48;0;0;5,01
30/08/2008;23,14;29,94;11:50;16,25;4:50;65,38;88,2;0:30;42,71;13:10;1,52;179,1;6,54;13:27;221,8;22,1;0;0;4,63
31/08/2008;24,93;31,89;12:20;17,26;5:20;57,09;91,3;4:00;28,04;12:00;1,36;147,4;7,08;13:38;178,8;24,04;0;0;5,11
01/09/2008;24,56;30,54;13:50;19,42;3:40;54,56;86,1;0:00;27,38;9:50;1,91;94,1;7,12;11:06;112,6;23,79;0;0;5,46
02/09/2008;23,67;31,22;14:00;17,73;4:50;64,87;91,3;3:20;26,55;13:40;1,56;161,2;6,81;12:05;222,2;23,45;0;0;5,15
03/09/2008;25,26;33,11;12:20;15,59;5:20;48,1;90,7;5:40;14,46;15:40;1,4;167,2;6,14;13:52;200,4;21,72;0;0;5,07
04/09/2008;25,96;35,47;11:40;19,61;0:00;41,65;69,77;18:30;17,03;11:40;1,56;146,2;12,98;14:30;239;17,47;2,6;0;5,26
05/09/2008;25,22;32,69;12:30;15,98;4:10;37,47;68,49;0:50;19,46;11:20;1,64;156,6;5,77;14:02;198,1;23,39;0;0;5,47
06/09/2008;25,31;33,17;13:00;17,07;5:20;34,77;54,01;2:50;19,39;17:00;1,52;124,3;6,17;14:15;222,7;23,96;0;0;5,51
07/09/2008;23,83;28,94;12:00;19,47;5:20;60,34;84,8;22:30;36,85;9:00;1,89;65,64;7,85;14:16;115;16,21;0;0;4,21
08/09/2008;23,57;27,47;12:20;21,03;2:30;72,5;84,6;2:30;54,01;12:20;2,91;50,38;8,08;20:22;91,4;10,98;0,6;0;3,6
09/09/2008;25,28;31,22;14:10;20,35;6:20;65,97;86,3;6:20;40,27;13:20;2,25;60,78;8,32;0:21;82,3;15,48;0;0;4,48
10/09/2008;23,51;28,33;14:10;19,82;21:20;66,79;85,3;2:40;40,55;14:50;1,52;180,1;6,42;13:46;172,9;11,8;0,8;0;3,32
11/09/2008;24,82;31,55;12:10;16,72;2:50;48,86;81,6;3:00;28,79;10:30;1,82;128,5;6,91;17:13;151,8;19,91;0;0;4,88
12/09/2008;22,92;27,93;11:10;18,94;23:00;59,97;84,8;18:00;34;10:20;1,77;81,3;7,78;15:02;148,6;11,68;0,8;0;3,56
13/09/2008;20,41;26,98;13:00;15,11;0:00;65,61;86,7;5:30;33,46;13:00;1,38;122,3;5,82;13:48;141,3;18,63;0;0;3,85
14/09/2008;19,36;26,85;13:20;12,41;3:50;66,03;93,5;5:00;33,73;11:00;1,45;177,8;5,67;15:59;205;21,84;0;0;4,08
15/09/2008;20,93;30,42;12:40;11,41;5:30;54,81;93,8;6:00;18,45;12:50;1,58;166,9;6,57;13:31;195,3;21,85;0;0;4,72
16/09/2008;21,29;29,32;15:20;13,5;5:50;61,96;88,2;0:00;34,46;15:10;1,54;82,2;5,31;9:13;6,82;20,82;0;0;4,29
17/09/2008;19,87;28,33;14:40;14,57;3:50;75,6;92,5;23:50;44,74;14:40;1,52;72,1;6,85;8:05;299,8;15,29;1;0;3,45
18/09/2008;21,51;27,79;14:10;14,91;5:40;71,9;95,1;1:20;42,24;12:20;1,1;350,3;3,75;11:16;20,73;14,01;0;0;3,03
19/09/2008;23,16;30,54;14:30;18,41;22:50;62,42;89,8;0:30;30;12:30;1,05;138;5,74;16:10;129,1;13,77;0;0;3,35
20/09/2008;22,45;29,32;14:10;17,53;0:50;69,9;87,5;21:00;46,15;14:10;1,53;95,1;5,7;16:03;124,5;17,04;0;0;3,74
21/09/2008;21,53;30,68;12:20;16,79;2:30;75,8;91,9;23:20;40,14;12:10;1,45;205,7;11,03;18:04;239,1;14,35;5,8;2,5;3,58
22/09/2008;22,56;28;15:30;18,48;4:30;63,83;94;4:40;30,55;12:20;1,07;69,76;4,74;16:13;146,6;18,17;0;0;3,58
23/09/2008;20,72;24,91;12:40;17,33;23:10;69,11;92,4;21:40;47,61;12:10;1,5;47,13;6,14;12:05;153,7;12,72;1,8;0;2,86
24/09/2008;18,41;23,69;12:10;16,11;19:40;87,2;96,7;21:40;59,3;12:00;1,03;19,99;5,35;14:25;103;8,49;21,2;13,07;1,94
25/09/2008;16,53;18,14;9:10;14,5;0:00;92,7;96,4;0:10;85,3;13:30;1,3;53,95;6,18;12:00;22,3;3,94;9,6;5,33;1,05
26/09/2008;17,47;22,29;12:20;14,37;0:50;82,6;94,5;1:10;60,25;12:50;1,56;55,74;5,41;20:19;46,8;14,39;4;1,03;2,58
27/09/2008;16,25;17,87;10:00;15,16;17:40;86;95,7;20:40;72,4;10:00;1,66;50,01;4,98;10:05;40,75;5,7;6,6;3,11;1,43
28/09/2008;16,57;19,21;15:30;14,37;5:00;84,6;93,5;0:20;68,69;15:20;1,63;40,83;5,05;15:57;35,75;4,55;0,2;0;1,44
29/09/2008;16,96;20,62;11:50;12,69;23:40;79,3;94,5;23:50;56,02;14:40;1,44;60,42;5,12;12:22;49,95;7,71;0,6;0;1,9
30/09/2008;16,67;22,75;14:10;11,81;3:50;73,9;94,1;0:00;38,67;14:20;1,44;99,7;5,39;16:36;162,7;18,86;0;0;3,15
01/10/2008;16,85;23,49;12:40;11,81;5:50;75,7;95,7;3:00;42,4;12:30;1,47;168,4;6,64;15:17;207,6;18,74;0,2;0;3,13
02/10/2008;19,12;26,17;11:50;13,09;6:00;66,33;94,1;3:50;29,88;12:00;1,16;163,6;6,53;14:47;207,5;17,88;0;0;3,23
03/10/2008;18,38;25,71;11:50;13,83;0:00;68,5;93;0:00;28,06;11:30;1,55;83,6;7,72;13:59;114,8;17,28;4,6;1,53;3,47
04/10/2008;15,19;19,61;14:50;10,93;23:40;72;94,3;1:20;46,47;10:30;1,22;127,3;4,77;14:24;176,8;14,49;0;0;2,35
05/10/2008;15,77;23,83;13:40;10,19;0:50;76;94,2;1:10;46,52;13:40;1,21;128,5;4,62;14:49;210,6;18,89;0,2;0;2,9
06/10/2008;17,07;24,77;13:30;10,93;1:50;67,71;93,3;1:10;34,69;14:20;1,32;126,2;5,22;14:51;225;17,91;0;0;3,09
07/10/2008;18,62;26,51;12:00;10,73;5:30;66,3;94,1;5:30;32,31;12:40;1,02;114,3;4,61;12:47;183,7;14,66;0,2;0;2,76
08/10/2008;17,45;22,5;13:30;12,89;21:50;65,11;94;19:10;39,97;11:20;1,08;74;6,01;15:42;271,3;8,42;7;3,42;2,04
09/10/2008;13,26;16,19;0:00;11,54;5:10;89,9;95;3:00;77,9;7:30;1,51;46,08;7,92;7:58;22,31;1,72;28,2;17,3;0,92
10/10/2008;19,21;21,64;9:40;15,92;0:20;83,8;91,4;5:00;73,7;9:20;3,64;57,46;9,55;7:44;44,3;8,06;0,2;0;2,05
11/10/2008;19,93;21,96;13:00;18,81;4:00;86,7;93,2;20:00;76,6;12:30;3,55;56,71;9,08;12:39;86,3;7,51;2,6;0;1,91
12/10/2008;20,68;26,67;13:10;16,13;22:50;82,6;94,9;6:50;51,79;13:10;1,66;55,95;5,19;10:12;0,58;12,06;0,2;0;2,67
13/10/2008;18,92;23,65;13:30;15,31;4:40;84;96,1;1:40;57,76;13:50;1,18;51,9;4,83;12:26;26,8;11,06;0;0;2,1
14/10/2008;18,01;22,5;12:10;13,89;23:40;77,8;94,3;0:40;52,96;12:40;1,11;72,1;5,64;16:27;234,6;9,55;0;0;1,93
15/10/2008;17,87;24,56;13:30;13,36;4:50;74,4;95,3;22:30;37,19;12:40;1,14;82,3;4,08;14:22;95,8;15,49;0;0;2,63
16/10/2008;18,75;26,58;12:50;12,48;4:00;72,9;97;5:20;29,27;12:50;1,03;170,7;4,45;14:28;208,8;14,99;0,2;0;2,68
17/10/2008;19,88;25,57;12:00;15,25;23:40;61,47;92,8;0:00;37,32;14:40;1,42;116,3;5,23;13:24;186,6;14,91;0;0;2,84
18/10/2008;18,2;23,56;14:00;14,77;2:50;83,7;97,6;4:20;54,77;12:50;1,39;51,83;4,83;15:31;113,7;12,69;0;0;2,25
19/10/2008;18,31;22,36;14:10;15,18;5:30;84,2;96,1;4:40;61,48;14:00;1,64;42,13;6,09;14:18;38,51;9,59;7,4;3,72;1,95
20/10/2008;18,88;22,02;13:40;17,26;0:00;86,8;94,2;2:20;64,8;14:50;1,85;44,09;5,23;9:34;21,91;9,97;1,2;0;2
21/10/2008;18,22;22,95;13:00;15,72;1:50;84,7;96,3;2:30;57,74;13:00;1,04;62,32;4,45;13:09;96,5;12,09;0;0;2
22/10/2008;17,55;22,18;11:50;13,83;3:10;82,6;95,5;3:40;56,48;12:50;1,48;75,7;5,59;23:35;37,49;9,87;0;0;1,95
23/10/2008;15,2;16,6;13:00;14,37;21:30;90,5;95,5;0:40;84,8;17:20;2,36;45,32;7,02;16:00;54,42;2,31;7;3,41;0,91
24/10/2008;15,76;17,66;12:20;14,5;1:10;88,1;94,2;7:30;80;13:20;1,74;38,11;5,17;14:59;41,71;5,34;0;0;1,17
25/10/2008;16,45;20,22;12:20;13,7;5:10;78,3;93,8;2:30;60,35;12:20;2,01;39,23;7,35;14:49;34,88;9,65;0,2;0;1,92
26/10/2008;17,05;19,75;14:40;14,44;22:40;76,7;94,7;23:00;64,02;10:20;2,22;46,44;6,65;10:02;21,34;4,32;0;0;1,54
27/10/2008;16,83;21,93;14:10;14,5;0:00;81,4;94,2;0:00;63,78;13:10;1,23;137,2;4,81;14:45;211,6;8,81;0;0;1,65
28/10/2008;14,52;19,75;11:00;7,83;0:00;82,9;96,1;1:40;52,56;21:10;1,01;216;5,64;12:13;272,3;4,86;1,4;0;1,34
29/10/2008;10,2;14,75;15:00;5,14;23:10;55,33;83,2;0:10;30,93;14:30;2,28;298,3;8,22;12:39;305,7;15,2;0;0;2,34
30/10/2008;11,75;18,12;14:10;3,92;4:00;56,18;83;3:40;29,3;13:00;2,3;214,7;7,43;12:13;256;14,96;0;0;2,62
31/10/2008;12,77;16,51;11:50;6,15;4:50;72;92,2;4:50;56,94;17:40;2,96;189,9;9,7;14:14;159,4;8,08;0;0;1,84
01/11/2008;12,41;15,77;13:20;9,18;4:50;85,6;95,8;4:40;63,01;11:40;0,94;56,42;2,91;13:29;19,99;4,99;17,6;10,75;1,07
02/11/2008;12,23;16,98;14:30;8,04;21:00;71,2;95,8;0:20;42,5;14:50;1,99;213,4;6,58;11:29;263,2;14,31;1;0;2,04
03/11/2008;10,66;14,76;15:00;7,23;6:20;75,9;91,7;21:00;54,97;11:10;0,97;81;2,81;15:26;192,5;8,19;0;0;1,24
04/11/2008;9,3;13,3;14:20;4,6;23:50;80;91,2;0:00;58,04;14:10;1,05;94,5;3,53;10:59;247,4;5,15;2,2;0;1,07
05/11/2008;10,01;15,96;11:40;4,06;3:30;73,7;93,5;2:10;53,13;15:10;0,86;110,2;6,43;12:20;20,47;10,51;0;0;1,28
06/11/2008;11,64;19,66;14:40;4,87;4:40;66,66;87,9;20:20;36,59;14:40;1,18;124;4,69;16:07;157,4;13,3;0;0;1,83
07/11/2008;11,78;18,12;12:40;7,98;6:30;70,7;94,4;23:40;44,52;12:40;1,24;113,2;4,18;15:21;191,5;13,27;0;0;1,68
08/11/2008;12,52;18,64;13:10;7,22;2:30;74,7;94,6;2:40;48,29;13:10;1,21;100,2;3,55;12:32;18,15;12,59;0;0;1,61
09/11/2008;12,02;18,78;12:10;6,62;0:00;78,3;94,3;21:50;53,64;12:10;1,04;96,9;2,91;14:15;107,5;11,23;0,2;0;1,44
10/11/2008;11,14;17,96;13:10;6,62;0:00;83,1;97,1;0:00;59,86;13:00;0,96;88,2;3,66;15:03;147,5;12,66;0,2;0;1,34
11/11/2008;11,59;18,73;12:30;4,99;5:40;82,6;97,8;1:50;47,5;12:30;0,84;145,4;3,13;16:30;224,4;9,48;0,2;0;1,3
12/11/2008;13,29;19,93;12:50;7,83;23:10;64,65;93;4:00;34,9;13:20;1,18;93;4,62;0:55;237,6;10,8;0;0;1,7
13/11/2008;11,55;16,63;13:30;4,6;0:00;48,5;73,8;0:00;28,96;12:50;1,74;53,31;6,75;10:49;342,1;13,12;0;0;1,99
14/11/2008;8,56;15,62;14:20;2,78;23:00;57,89;90,2;22:10;25,98;14:20;1,16;135;6,39;7:39;327,2;12,91;0;0;1,54
15/11/2008;9,25;17,37;13:50;4,47;5:50;53,53;81;20:50;21,79;13:40;1,25;69,64;3,86;7:45;56,88;12,6;0;0;1,77
16/11/2008;9,25;17,71;14:10;2,1;3:20;69,16;96;22:50;30,51;11:50;1,05;101,6;3,68;14:24;260,1;12,31;0;0;1,49
17/11/2008;9,75;20,33;14:30;2,85;3:40;66,69;94,4;2:00;24,75;14:30;0,94;95,6;3,09;9:06;60,11;12,59;0;0;1,59
18/11/2008;11,53;20,13;13:30;3,11;1:40;61,65;91,2;1:50;23,33;13:30;0,98;76,4;4,8;13:57;245,7;12,22;0;0;1,58
19/11/2008;10,15;15,15;11:40;5,88;23:30;76,6;94,4;3:40;48,39;11:40;1,33;75,7;6,21;14:21;32,87;9,11;0,4;0;1,28
20/11/2008;10,79;14,43;13:00;6,35;1:10;83,3;91,5;1:20;68,97;13:20;1,45;60,6;5,99;13:31;40,27;5,82;0,2;0;1,02
21/11/2008;11,53;18,44;14:10;6,89;22:20;80,1;95,3;22:30;46,82;12:30;0,95;107,6;3,74;15:25;160,6;11,37;0;0;1,28
22/11/2008;12,32;19,45;14:10;5,14;2:20;64,68;92,6;2:30;40,45;12:20;1,21;94,9;4,26;11:58;324,8;11,67;0;0;1,5
23/11/2008;11,8;17,98;13:50;5,27;0:00;63,59;90,3;22:00;36,81;13:30;1,23;99,3;5,17;9:55;339,8;10,06;0;0;1,47
24/11/2008;11,16;19,81;12:30;3,05;3:30;57,96;91,8;2:30;24,42;14:30;2,46;222,2;8,71;9:56;225,6;10,3;0,2;0;2,57
25/11/2008;8,23;13,4;13:30;4,26;6:40;52,17;83,3;1:50;22,06;13:50;1,9;16,46;6,48;14:02;8,36;11,7;0;0;1,79
26/11/2008;5,12;10,64;12:40;-2,02;6:40;62,52;96,2;0:00;29,86;11:40;1,86;51,07;6,6;13:20;61,24;9,7;14,2;8,52;1,41
27/11/2008;6,76;9,78;14:10;2,1;23:20;77,7;96,4;0:50;56,04;19:40;1,77;23,25;6,07;10:26;344,7;4,77;8,4;4,46;0,99
28/11/2008;6,92;13,55;13:30;-0,87;7:10;65,55;93,8;4:40;36,9;14:20;2,14;204,8;7,83;22:04;223,3;11,38;0;0;1,59
29/11/2008;8,66;12,14;13:30;5,2;2:30;62,41;94,7;6:30;39,21;13:40;3,03;231,4;11,69;14:34;255;7,1;1;0;1,71
30/11/2008;7,38;10,73;14:10;4,8;23:20;65,06;93,9;8:50;43,37;19:10;1,85;233,7;7,67;3:32;178,4;5,32;2,6;0;1,24
01/12/2008;6,99;12;14:30;1,7;22:00;56,02;82,1;22:00;36,97;14:40;2,74;236,7;8,19;11:33;239,2;10,89;0;0;1,77
02/12/2008;6,7;11,05;14:00;2,31;4:10;52,09;70,3;2:00;36,83;14:10;2,33;350,4;8,89;10:50;3,94;10,36;0;0;1,66
03/12/2008;7,53;11,94;13:40;0,74;7:00;57,11;81,4;7:00;32,84;11:20;1,42;60,08;7,35;13:47;294;8,22;0;0;1,28
04/12/2008;8,29;14,5;14:30;3,46;2:40;69,68;89,2;23:10;42,17;12:40;1,12;134,2;4,07;8:23;26,37;8,19;0;0;1,13
05/12/2008;13,01;17,46;12:20;6,97;0:00;67,5;86,8;0:10;52,32;12:20;1,44;167,5;6,19;7:49;100,4;4,04;0;0;1,29
06/12/2008;11,67;18,72;12:50;6,08;7:20;76,9;93,5;3:40;49,72;12:10;0,99;122,1;2,95;14:41;226;8,98;0;0;1,14
07/12/2008;10,99;17,12;14:20;5,6;23:00;77,8;95,8;23:50;52,51;14:20;0,89;102,2;3,16;0:18;100,9;6,57;0;0;0,99
08/12/2008;9,04;11,8;14:40;5,06;6:40;91,9;96,1;21:10;84,8;14:40;0,6;101,8;2,36;2:51;93,4;3,02;3,6;0,69;0,57
09/12/2008;10;15,14;13:30;6,48;6:40;81,8;96,1;0:40;49,87;13:40;0,91;97,1;3,71;14:48;105,6;7,77;0,8;0;0,95
10/12/2008;8,78;11,8;12:30;4,47;23:50;53,5;88,8;0:20;31,48;13:20;2,4;344;9,48;12:41;347,6;9,27;0;0;1,61
11/12/2008;6,51;12,74;14:40;2,37;4:20;51,12;81,4;18:10;28,64;12:30;1,45;160,4;8,08;0:09;162,2;10,31;0;0;1,34
12/12/2008;6,08;11,53;14:50;0,62;0:40;66,81;81,3;22:40;47,55;12:10;1,19;76,3;3,44;7:46;87,2;6,91;0;0;1,01
13/12/2008;6,77;11,28;23:50;1,16;7:20;67,42;83,5;7:20;51,68;11:00;1,74;136,7;7,28;16:52;231,2;6,58;0;0;1,14
14/12/2008;6,96;11,14;0:00;3,18;20:10;65,25;79,4;20:20;46,46;11:40;2,44;273,4;10,07;12:53;292,3;5,65;0;0;1,48
15/12/2008;5,31;9,37;12:50;0,41;7:10;52,42;74,8;7:10;36,98;13:50;2,22;348,4;8,79;14:26;311,6;8,14;0;0;1,44
16/12/2008;7,04;12,21;13:40;1,5;3:50;55,39;71,4;3:50;41,85;12:40;1,86;341,3;6,8;12:35;321,1;7,92;0;0;1,42
17/12/2008;9,73;15,3;12:40;3,44;3:30;49,13;76,7;3:30;25,59;15:00;1,8;359;6,56;15:13;334,1;8,38;0;0;1,74
18/12/2008;9,48;16,11;12:30;3,79;23:40;57,2;79,6;23:40;28,56;13:40;1,44;101,6;6,26;10:15;320,1;10;0;0;1,5
19/12/2008;8,17;16,5;14:00;2,98;0:20;66,68;89,7;21:00;39,79;12:00;1,3;100,2;4,29;14:09;205;9,96;0;0;1,29
20/12/2008;7,32;16,23;14:20;0,75;7:10;74,5;93,1;21:10;39,72;13:30;1;82,1;3,41;9:32;42,62;9,92;0;0;1,09
21/12/2008;8,76;19,07;13:50;1,02;5:40;64,35;91,6;6:10;26,66;14:50;1,12;106,6;4,35;13:06;255,8;10,22;0;0;1,43
22/12/2008;7,26;15,63;14:30;2,03;0:40;69,27;95;21:10;37,02;13:40;1,38;78,9;3,94;12:32;25,95;10,18;0;0;1,3
23/12/2008;5,94;13,55;14:00;0,21;3:50;78,4;96,6;21:30;56,29;10:00;1,06;60,25;3,96;13:12;51,42;9,25;0;0;0,87
24/12/2008;6,95;9,71;15:10;4,26;6:40;83,9;89,3;6:50;77,1;13:30;0,67;38,27;2,29;6:10;38,4;3,44;0;0;0,6
25/12/2008;7,48;12,61;14:40;1,97;20:30;75,4;94,9;20:50;55,65;14:50;1,1;42,34;4,78;15:03;246,1;9,19;0;0;0,87
26/12/2008;7,06;12,52;14:40;0,82;7:00;66,27;91,7;23:50;43,52;12:10;1,12;83,4;3,92;17:21;131,1;9,77;0;0;0,97
27/12/2008;7,55;9,86;13:30;3,24;0:20;88,9;96,3;5:40;78,2;15:20;1,64;52,3;5,45;14:03;52,71;2,81;0,8;0;0,68
28/12/2008;8,56;11,47;13:50;4,46;7:20;82,2;93,7;7:50;69,28;14:10;0,94;60,95;3,72;12:52;336,4;4,62;0;0;0,72
29/12/2008;9,36;14,89;14:40;4,39;23:40;81,2;94,2;23:50;55,97;14:30;0,67;134,1;3;14:48;207,9;5,77;0;0;0,81
30/12/2008;8,06;13,54;15:10;3,45;2:40;87,7;96,8;22:00;69,37;15:20;1,16;67,67;3,4;13:02;349,8;8,9;0,2;0;0,81
31/12/2008;9,53;12,15;12:30;6,08;0:00;88,7;97,4;2:20;76,8;15:20;1,51;47,16;4,81;15:00;39,04;3,25;0;0;0
01/01/2009;9,3;15,97;14:20;5,48;7:10;84,5;95,6;5:00;61,39;13:10;0,72;161,3;3,07;13:19;223,3;6,62;0;0;0,82
02/01/2009;11,11;16,11;14:10;6,89;3:50;76,1;90,2;0:00;52,25;13:20;0,85;108,3;2,52;10:56;17,31;5,71;0;0;0,97
03/01/2009;10,45;14,5;12:30;5,34;23:50;86,2;95,9;20:10;70,2;12:50;0,72;96,4;2,74;12:43;315,4;3,95;0,2;0;0,73
04/01/2009;8,99;11,81;10:30;6,7;0:00;85;95,8;22:10;71,2;9:40;0,82;63,83;3,62;11:47;49,62;2,84;6;2,64;0,69
05/01/2009;8,39;12,47;13:10;3,71;7:30;86,7;96,1;1:20;65,34;13:00;1,34;181,2;5,09;15:56;184,9;8,86;0;0;0,88
06/01/2009;7,53;11,79;11:40;3,31;23:10;78;91,4;7:00;58,27;12:30;0,89;110,7;3,85;13:42;96,2;6,5;0,6;0;0,83
07/01/2009;4,72;7,49;14:20;2,37;23:50;52,72;80,9;0:00;33,13;13:00;1,37;42,09;4,83;18:30;93,4;5,26;0;0;1,12
08/01/2009;2,71;3,92;11:50;1,7;16:50;79,5;94,1;22:40;61,02;6:50;1,3;39,98;4,16;9:15;352,2;3,11;0,6;0;0,69
09/01/2009;4,28;10,05;14:50;0,14;21:40;83,1;95,9;21:50;52,62;14:30;0,98;80,8;4,06;11:44;300,3;8,49;0,2;0;0,83
10/01/2009;1,56;4,2;0:00;-1;5:40;80,4;95,5;18:10;61,62;11:40;1,25;72,9;4,37;22:52;42,84;2,05;8,8;4,75;0,66
11/01/2009;6,94;11,06;14:20;4,2;0:00;84;95,8;7:20;59,06;12:50;1,74;52,83;5,84;12:27;16,25;6,24;4,6;1,52;1,02
12/01/2009;7,27;13,54;15:10;2,64;6:00;68,37;89,3;0:20;36,55;16:00;1,34;94,6;5,45;11:43;331,3;11,39;0;0;1,29
13/01/2009;7,27;13,16;15:40;1,69;7:20;63,31;87,3;23:50;33,44;12:40;1,15;83,2;3,61;20:00;116,5;8,08;0;0;1,23
14/01/2009;8,14;14,48;15:00;3,46;23:40;67,17;94,4;21:20;30,05;14:00;1,63;48,88;5,64;8:17;334,9;11,53;0;0;1,56
15/01/2009;6,08;12,94;14:40;0,21;6:50;78,4;93,9;20:30;58,29;11:40;1,1;79,6;3,56;23:31;84,4;10,66;0;0;0,98
16/01/2009;6,42;10,32;14:20;3,19;4:20;78,3;92,8;0:00;63,4;12:00;1,16;60,17;3,39;4:11;71,7;5,41;0;0;0,85
17/01/2009;6,44;13,13;14:30;2,64;21:10;80,8;94;21:40;56,85;15:00;1,32;87,3;4,88;14:56;90,1;9,63;0,2;0;1,08
18/01/2009;7,54;15,96;14:10;-0,2;4:10;76,9;96,6;4:40;49,55;11:40;1,16;131,1;4,04;14:26;221,5;11,34;0;0;1,22
19/01/2009;12,17;17,33;15:40;5,4;7:00;66,77;87,7;7:10;50,24;17:50;2,06;208,2;7,07;14:42;256,1;6,76;0,2;0;1,64
20/01/2009;9,54;;;;;55,94;83,5;5:50;37,37;13:50;2,5;294,6;7,8;14:16;310,7;11,3;0;0;1,86
21/01/2009;6,57;12,14;14:30;2,52;5:00;43,99;65,69;23:50;22,21;15:00;2,34;11,1;9,2;10:37;7,21;11,6;0;0;2,14
22/01/2009;8,37;14,31;20:40;0,55;5:50;68,45;86,2;0:00;56,07;13:50;2,24;197,3;8,3;18:29;211,9;4,43;0;0;1,42
23/01/2009;17,34;21,43;12:40;9,99;0:00;54,83;86,2;0:00;38,57;14:40;5,06;237,3;11,58;6:39;230,1;8,06;0;0;3,42
24/01/2009;13,82;16,38;13:40;5,67;23:10;42,82;66,35;23:50;28,76;15:40;5,38;272,5;15,53;12:22;309,1;11,92;0;0;3,5
25/01/2009;10,23;16,24;12:30;5,61;5:00;51,28;71;4:40;37,02;13:50;3,34;233,7;13,73;15:54;301;10,87;0;0;2,65
26/01/2009;8,75;12,61;14:20;5,34;6:30;46,04;66,82;2:30;30,6;15:00;3,23;286,3;10,53;10:07;248,9;10,35;0;0;2,47
27/01/2009;9,66;16,04;15:10;3,38;7:50;52,02;77,1;8:30;31,75;11:10;2,02;251,5;6,76;12:05;265,5;9,91;0;0;2,07
28/01/2009;12,47;19,2;12:50;6,36;0:00;58,46;86,8;0:00;38,97;13:20;2,06;14,32;7,92;13:33;0,19;11,48;0;0;2,17
29/01/2009;13,29;21,35;15:00;6,36;0:00;65,17;86,8;0:00;36,46;14:30;1,37;68,46;5,19;13:41;297;13,26;0;0;2,01
30/01/2009;10,67;19,05;13:00;4,6;7:00;75,2;97,5;23:50;40,51;13:40;1,22;128,8;5,34;14:28;172,9;13,25;0;0;1,7
31/01/2009;9;14,3;13:30;4,26;0:00;69,5;97,4;0:00;39,2;15:00;2,3;240,9;8,27;12:41;261,8;9,62;0,6;0;1,81
01/02/2009;6,61;9,19;14:30;3,32;1:20;81,8;95,6;23:50;67,18;4:00;1,58;186,1;6,71;11:40;191,7;2,81;1,4;0;0,86
02/02/2009;8,21;12,01;16:40;0;11:51;79,9;89,5;22:10;;11:51;1,26;163,3;4,8;13:46;174,5;2,67;0,2;;
03/02/2009;8,54;14,77;13:10;0,75;5:10;66,48;94,9;5:40;41,23;12:50;2,08;201;9;12:52;265,5;11,23;0;0;1,81
04/02/2009;10,43;15,7;11:40;5,47;1:00;63,78;87,9;3:10;33,91;11:40;2,07;188,6;7,08;12:01;182;13,96;0;0;2,13
05/02/2009;10,61;15,03;13:40;5,94;4:10;64,99;85,2;21:00;45,21;14:10;3,44;210,5;11,45;17:36;217,2;9,39;0;0;2,25
06/02/2009;8,88;14,1;12:50;4,26;18:50;50,59;70,3;6:40;32,57;13:10;3,82;247,1;14,04;15:41;297,2;11,36;0;0;2,84
07/02/2009;6,99;11,79;13:30;1,9;7:00;44,25;68,39;0:30;23,09;13:30;2,94;278,6;9,84;13:35;299,4;14,83;0;0;2,54
08/02/2009;9,83;16,65;15:40;1,22;4:00;46,33;67,59;4:00;22,94;13:50;2,11;254,2;7,58;0:33;240,4;14,01;0;0;2,56
09/02/2009;11,65;18,34;11:10;6,01;7:10;62,44;81;7:20;40,87;12:10;1,64;152,5;6,07;11:08;238,6;13,38;0;0;2,12
10/02/2009;11,55;19,95;13:40;3,59;6:00;60,52;89,1;6:20;40,87;13:40;1,62;319,8;6,93;15:01;269,7;9,07;0;0;2,03
11/02/2009;11,09;17,17;13:00;4,47;6:50;52,39;79,3;19:30;21,52;12:00;1,63;106,6;7,42;21:15;7,79;15,18;0;0;2,36
12/02/2009;12,14;19,52;14:40;6,76;3:50;47,12;65,93;22:10;26,92;15:10;1,47;181,4;5,74;9:43;334;15,34;0;0;2,49
13/02/2009;8,63;16,09;13:30;2,98;7:00;66,4;91,4;0:00;37,22;12:40;1,63;104;5,12;12:49;5,76;14,21;0;0;2,03
14/02/2009;8,34;18,24;13:30;1,09;6:40;75,1;96,5;23:00;33,41;13:10;1,1;124,5;5,22;14:27;262;15,31;0;0;1,96
15/02/2009;8,37;10,05;15:00;3,92;0:00;83,7;94,1;11:40;65,03;16:50;1,5;32,87;4,79;0:39;46,67;2,91;0,4;0;0,96
16/02/2009;6,22;12,05;13:50;0,96;6:20;74,8;96,3;6:30;46,9;14:10;1,26;88,5;5,18;12:37;84,9;13,44;0;0;1,53
17/02/2009;5,88;12,18;15:40;0,14;0:00;74,9;94,9;23:30;45,9;14:30;1,07;84,9;3,96;14:06;59,8;9,86;0;0;1,37
18/02/2009;9,22;20,26;13:30;-1;5:30;56,7;96,4;1:10;20,57;12:20;1,29;131,8;4,99;14:17;181,5;16,11;0,2;0;2,46
19/02/2009;10,22;16,9;13:30;3,78;1:20;65,18;95,8;23:10;43,93;11:10;1,64;71,3;5,44;12:07;0;15,66;0;0;2,12
20/02/2009;7,39;10,66;16:10;2,78;23:30;89,3;96;0:00;74;13:30;0,99;61,63;4,38;12:37;90,2;2,59;0,2;0;0,78
21/02/2009;7,8;15,82;13:10;1,22;4:20;75,1;96;4:50;36,87;12:50;1,36;120,5;5,81;14:35;184,9;15,6;0;0;2,03
22/02/2009;7,81;15,56;13:30;1,43;3:10;79;96,1;23:50;52,25;12:10;1,5;151,4;5,8;15:44;191,3;15,81;0,2;0;1,91
23/02/2009;10,55;20,53;12:50;3,05;4:20;63,81;96;0:00;22,53;11:40;1,43;99,4;5,94;13:42;129,2;16,73;0;0;2,69
24/02/2009;7,59;14,08;12:20;1,02;6:50;83;97;5:20;62,36;10:30;1,06;92,5;4,74;16:08;266,4;12,79;0;0;1,51
25/02/2009;9,83;13,69;11:40;6,55;21:20;78,5;91,5;22:00;51,46;13:00;1,35;104,1;4,91;16:21;111,1;7,41;0;0;1,49
26/02/2009;7,93;14,96;13:10;2,98;6:30;78,9;95,5;4:10;48,93;13:10;1,25;101,6;5,81;13:58;97,6;14,12;0,2;0;1,83
27/02/2009;8,83;16,11;15:10;3,05;7:00;73,6;93,2;6:30;43,93;14:00;1,23;51,87;4,78;14:16;30,56;11,87;0;0;1,85
28/02/2009;10,1;15,89;14:10;4,86;4:20;81,3;94,3;4:30;56,84;14:00;1,29;98,3;4,56;10:40;24,9;11,51;1;0;1,72
01/03/2009;12,48;19,47;12:10;4,93;6:40;66;96,4;7:00;36,95;17:10;1,46;185,2;6,12;13:14;188,9;13,27;0;0;2,35
02/03/2009;11,33;15,97;12:40;6,62;5:20;67,45;91,8;0:00;45,14;12:20;1,21;83,4;4,29;14:07;123;8,88;0,6;0;1,73
03/03/2009;9,13;10,2;1:40;6,69;20:40;92,3;95,9;15:30;78,6;23:00;2,68;26,13;7,55;17:43;320,8;0,73;55,2;32,33;0,8
04/03/2009;10,6;15,25;16:00;5,81;5:50;68,72;91,4;6:20;52,75;11:50;3,39;250,4;12,66;15:08;236,7;10,05;1,4;0;2,23
05/03/2009;10,21;14,45;8:50;6,08;4:20;57,18;75,5;0:00;40,11;19:10;3,97;290,1;15,68;13:06;286,3;11,8;0,2;0;2,94
06/03/2009;11,46;15,06;21:40;6,62;7:10;50,21;67,73;22:20;38,53;12:30;2,38;283,7;9,26;3:46;318,8;6,98;0;0;2,39
07/03/2009;15,88;22,7;14:40;8,44;0:00;52,92;80,3;0:00;23,4;14:30;1,84;33,58;9,03;10:55;254,3;18,93;0;0;3,58
08/03/2009;12,82;20,33;14:40;7,23;3:10;62,19;87,1;22:00;38,35;14:40;1,34;93,1;4,54;12:46;12,58;19,5;0;0;2,88
09/03/2009;11,31;17,71;14:50;5,88;1:40;74,7;95,1;23:20;46,75;15:30;1,51;76,3;5,96;9:57;39,61;16,58;0;0;2,43
10/03/2009;9,72;17,7;14:10;2,91;6:10;80,6;95,9;6:50;52,63;14:00;1,25;122,5;4,62;9:18;1,73;19,08;0,2;0;2,4
11/03/2009;12,12;22,16;13:20;3,92;3:40;71;94,6;4:10;34,02;13:30;1,23;90,5;4,85;14:42;240,3;19,51;0;0;2,97
12/03/2009;10,09;17,24;14:30;3,31;5:40;78,1;97,1;8:00;46,75;14:00;1,72;81;5,68;11:47;30,66;17,69;0;0;2,53
13/03/2009;11,65;20,74;14:10;3,31;6:30;65,09;91,8;2:20;22,8;11:10;1,23;49,79;3,92;15:49;259;20,71;0,2;0;3,09
14/03/2009;14,97;25,18;13:50;6,21;3:10;52,38;86,8;0:20;21,57;12:20;1,38;90,4;6,41;12:37;252,7;20,24;0;0;3,65
15/03/2009;12,75;20,81;12:20;6,01;4:00;53,24;82,5;23:40;17,18;14:20;1,49;80,2;5,41;11:08;2,5;18,82;0;0;3,34
16/03/2009;12;20,6;12:40;4,26;5:20;61,73;94;23:50;31,72;12:20;1,58;75,5;6,33;15:17;128,7;20,41;0;0;3,23
17/03/2009;10,4;16,44;15:40;3,38;5:40;70,5;95,1;1:10;42,64;15:10;1,52;76,5;5,52;10:53;91,3;15,36;0;0;2,4
18/03/2009;9,28;16,03;15:50;4,26;5:30;77,7;96;23:40;53,59;15:50;1,27;72,5;4,39;13:59;2,4;11,91;0;0;1,92
19/03/2009;10,51;19,66;15:30;3,25;2:00;75,7;96,9;4:20;33,35;15:20;1,2;170;5,34;14:34;251,3;20,49;0,2;0;2,94
20/03/2009;13,26;23,02;14:00;3,86;5:20;67,47;95;2:20;26,11;10:50;1,29;120,7;5,44;13:22;99;20,96;0;0;3,43
21/03/2009;11,16;14,03;11:50;5,47;1:40;79;94,5;2:40;63,51;13:10;1,17;47,36;4,64;10:17;54,61;7,68;0;0;1,48
22/03/2009;10,04;16,43;13:40;3,52;23:40;70,1;96,1;6:40;37,15;13:10;1,4;114,5;5,67;9:52;29,71;17,86;0;0;2,63
23/03/2009;9,6;18,51;14:00;0,28;3:20;51;90,3;3:50;19,41;14:50;1,22;115,9;5,01;14:06;154,2;22,21;0;0;3,16
24/03/2009;13,55;24,1;14:00;2,43;4:30;41,29;73,2;4:40;18,73;14:00;1,1;80,7;5,34;14:55;245,5;15,5;0;0;3,18
25/03/2009;13,25;19,72;14:00;7,76;6:00;69,54;;;;;1,77;48,77;5,77;13:41;19,78;20,31;0;0;3,36
26/03/2009;14,01;22,68;14:00;7,09;23:40;67,63;95,3;2:10;34,08;14:10;1,38;58,33;5,42;14:18;177,6;21,02;0;0;3,49
27/03/2009;14,65;24,3;14:00;6,21;5:20;58,19;90,5;5:40;25,35;15:00;1,03;140,4;6,7;15:04;239,6;20,8;0;0;3,48
28/03/2009;14,77;22,49;13:30;6,95;5:50;61,16;94,1;20:50;19,95;11:20;1,73;100,8;7,59;19:09;47,59;16,94;10,2;5,79;3,62
29/03/2009;9,78;11,28;11:00;5,67;23:20;92,8;96,3;9:20;76,5;23:50;1,87;49,96;7,39;14:38;85,7;7,48;35,8;21,74;1,3
30/03/2009;7,46;10,73;14:20;5,34;2:10;83,3;92,4;4:50;59,92;15:10;1,54;35,79;5,74;15:28;29,8;11,61;1,8;0;1,75
31/03/2009;8,53;13,74;13:30;5,48;22:40;82,6;96;23:50;48,26;14:00;1,34;54,1;4,94;15:09;210,6;13,71;6,8;3,27;2,11
01/04/2009;10,89;17,38;15:30;3,98;4:00;72,5;96,2;4:30;34,58;12:50;1,3;143,2;5,25;13:39;203,5;18,3;0,2;0;2,84
02/04/2009;12,53;18,2;11:40;7,76;1:40;70,6;92,8;0:00;35,13;11:00;1,3;149;4,83;14:06;144,6;11,39;0,6;0;2,42
03/04/2009;11,86;16,7;11:20;7,83;23:50;84,8;94,8;0:00;61,37;11:40;1,8;152,4;5,55;12:35;204,7;14,86;0;0;2,38
04/04/2009;11,56;18,05;14:40;6,55;3:10;85,7;96,9;4:50;64,89;13:20;1,23;198,2;4,69;16:15;235,1;16,29;0,2;0;2,4
05/04/2009;13,5;20,6;13:40;7,7;0:00;84,6;96;7:20;54,99;14:20;1,28;221,4;5,57;13:27;227,2;19,33;0;0;3
06/04/2009;14,43;23,69;13:00;8,17;2:20;78,9;97,5;8:20;31,98;13:30;1,17;217,6;5,51;14:20;237,4;21,86;0;0;3,68
07/04/2009;13,69;20,62;14:00;8,64;5:00;60,64;96,3;6:00;21,31;14:20;1,97;332,2;7,6;15:02;314;18,13;0,6;0;3,74
08/04/2009;13,4;20,81;13:50;5,73;2:30;47,21;92;23:00;15,89;13:30;1,97;96,5;7,32;14:05;172,4;25,01;0;0;4,38
09/04/2009;11,05;17,85;12:20;4,32;5:40;75,5;94,9;2:40;46,21;11:10;1,59;169,2;6,33;12:49;187,2;24,34;0;0;3,39
10/04/2009;10,53;16,11;10:00;4,93;5:20;68,29;92,7;5:00;33,72;17:50;2,19;192,3;8,4;12:52;193,8;17,71;1,6;0;3,13
11/04/2009;11,01;16,65;15:30;5,2;23:10;47,16;78,1;23:10;25,11;14:50;2,6;269;8,72;14:18;319,3;21,19;0;0;3,88
12/04/2009;11,07;18,53;14:00;3,65;2:40;49,09;83,8;1:50;19,82;14:00;1,94;89,6;9,16;11:56;21,81;22,2;0;0;3,9
13/04/2009;11,92;19,54;12:30;4,73;1:00;50,59;83;23:50;24,02;12:20;1,74;157,5;7,59;14:36;183,6;22,85;0;0;3,91
14/04/2009;13,83;21,35;15:30;4,67;5:40;58,16;87,4;5:40;30,1;11:40;1,74;166,9;7,08;14:00;192,8;25,35;0;0;4,21
15/04/2009;12,91;17,78;10:40;8,23;20:40;55,57;82,5;20:40;34,86;9:10;2,02;203,5;7,35;12:05;177,3;15,19;0,2;0;3,19
16/04/2009;13,46;18,21;10:20;7,43;4:20;51,69;69,12;5:20;28,63;10:20;2,57;205,7;7,77;13:47;171,6;22,26;0;0;4,24
17/04/2009;12,8;18,39;10:50;8,31;21:20;58,85;78,7;2:20;32,34;10:40;1,45;144,6;9,32;10:45;314,6;18,04;0;0;3,29
18/04/2009;12,55;17,1;10:20;8,44;0:40;74,7;93,7;0:00;43,37;10:10;1,37;80,3;7,9;12:08;37,66;16,58;14,6;8,82;2,83
19/04/2009;10,22;14,21;15:30;5,67;23:50;84,1;95,7;1:50;63,08;16:30;1,44;27,87;5,86;15:18;28,45;11,6;7,6;3,87;1,95
20/04/2009;11,96;18,67;10:40;5,14;4:50;76,7;95;23:40;43,57;12:30;1,45;153;7,49;17:51;0;19,93;4,4;1,37;3,2
21/04/2009;14,24;21,96;12:10;7,63;0:00;65,72;94,2;0:00;31,25;12:20;1,46;135;5,95;14:51;123,1;23,86;0;0;4,05
22/04/2009;14,72;21,55;12:30;8,04;2:30;62,31;94,1;2:20;29,56;11:20;1,58;104,2;6,41;14:27;110,2;26,68;0;0;4,38
23/04/2009;15,81;23,71;13:20;6,95;4:50;57,52;93,2;5:20;26,71;13:40;1,68;166;6,31;10:40;255,5;26,9;0;0;4,73
24/04/2009;16,9;27,39;13:30;6,96;2:10;55,22;85,5;2:00;14,14;10:20;1,17;93,5;4,18;15:18;220,7;26,12;0;0;4,84
25/04/2009;16,06;22,47;14:20;9,51;23:10;67,23;85,5;19:50;42,62;12:20;1,25;70,9;5,34;15:11;22,75;17,38;0;0;3,36
26/04/2009;12,01;17,85;10:10;7,09;23:30;63,69;84,8;23:30;31,19;10:10;1,82;186,7;7,68;13:46;255,2;16,54;0,4;0;3,3
27/04/2009;13,39;20,68;12:10;4,93;4:40;52,52;86,5;4:20;24,63;11:50;2,36;164,8;10,2;15:01;177,4;27,8;0;0;4,83
28/04/2009;15,31;22,83;14:10;7,7;2:50;53;76,1;0:00;29,49;11:30;1,47;153,6;5,85;14:30;213;26,77;0;0;4,6
29/04/2009;16,01;22,23;12:20;8,85;0:30;53,35;81,1;0:00;30,37;10:30;2,03;146,5;7,5;15:05;172,6;27,3;0;0;4,89
30/04/2009;17,41;24,16;13:20;8,85;1:50;53,39;87,9;2:00;31,64;11:50;1,49;98,4;5,67;16:42;39,09;23,63;0;0;4,42
01/05/2009;14,58;20,42;8:40;8,51;23:10;67,13;94,7;22:30;38,63;8:40;1,66;84,6;7,26;12:49;131,9;13,58;0,2;0;3,02
02/05/2009;14,25;21,01;12:50;8,24;3:50;61,59;93,5;0:00;35,1;12:50;1,63;96,5;6,74;13:26;116,5;24,78;0;0;4,18
03/05/2009;14,58;22,36;12:30;6,76;1:50;58,62;88;2:00;29,15;15:10;1,48;92,5;6,06;12:36;122,1;27,86;0;0;4,62
04/05/2009;15,37;23,08;13:40;7,29;0:20;54,88;89,2;1:00;25,3;12:10;1,76;91,3;6,29;11:16;75,2;27,77;0;0;4,92
05/05/2009;16,58;23,97;11:20;9,25;0:30;57,34;88;23:40;31,71;11:50;1,66;95,6;6,59;11:32;115,7;27,19;0;0;4,87
06/05/2009;16,24;23,58;13:00;7,76;4:50;58,34;94,4;5:30;28,75;11:30;1,76;191;6,57;11:57;194,3;27,74;0;0;4,92
07/05/2009;17,14;26,11;15:20;7,64;4:20;55,11;86,5;4:30;28,12;16:00;1,45;175,3;5,85;11:20;195,7;28,36;0;0;5,14
08/05/2009;17,58;25,04;15:20;9,66;0:50;55,6;88,5;23:30;29,55;11:50;1,5;41,71;4,47;17:14;16,8;21,67;0;0;4,39
09/05/2009;16,35;22,29;15:10;10,87;1:00;77,1;95;2:30;53,97;15:50;1,29;39,48;6,85;9:55;176,7;11,33;0;0;2,56
10/05/2009;19,48;26,52;12:50;12,89;22:50;64,68;93;0:00;32,72;11:30;1,68;108,1;5,82;0:22;224,3;26,39;0,2;0;5,16
11/05/2009;19,6;26,99;12:20;13,3;0:00;67,23;92,1;23:20;28,73;13:10;1,4;144,3;6,42;14:48;217,3;25,15;0;0;4,98
12/05/2009;20,42;27,4;12:30;13,63;4:20;64,63;94,6;3:20;37,45;15:30;1,61;91,6;5,91;9:58;11,14;26,39;0;0;5,17
13/05/2009;18,78;24,77;13:00;13,89;4:00;72;94,7;4:30;43,22;11:10;1,65;53,27;5,74;15:29;157,3;18,5;0;0;3,92
14/05/2009;19,28;25,11;13:20;13,97;23:50;47,79;76,1;15:10;27,93;18:00;1,58;76,7;6,69;14:04;211,1;21,77;0,2;0;4,69
15/05/2009;17,4;23,24;11:00;10,12;4:50;45,33;67,66;4:50;21,24;10:30;2,17;169,6;7,29;15:54;173,5;28,62;0;0;5,61
16/05/2009;18,59;26,73;11:40;9,25;4:00;43,98;80,7;4:10;20,22;10:50;1,99;157,8;7,41;13:47;191,8;28,52;0;0;5,85
17/05/2009;19,67;28;14:30;10,59;4:20;40,68;64,13;23:40;22,44;14:30;1,63;148,6;5,59;13:08;213,6;28,09;0;0;5,77
18/05/2009;20,55;28,4;13:20;11,54;4:20;55,98;87,4;21:30;25,15;10:10;1,75;70,3;6,84;10:28;100,7;27,19;0;0;5,68
19/05/2009;19,81;26,06;14:40;14,98;1:30;65,41;91,1;1:40;38;13:20;1,45;31,62;5,11;16:25;11,33;19,22;0;0;4,18
20/05/2009;21,89;31,97;13:10;12,75;2:50;53,26;81,3;3:00;27,57;13:50;1,97;50,84;7,73;13:53;317;25,95;0;0;6,21
21/05/2009;23,65;34,45;14:10;14,37;3:00;51,51;83,9;23:50;14,26;15:30;1,46;54,81;5,66;13:27;224,6;25,01;0;0;6,15
22/05/2009;22,75;31,36;14:50;16,25;3:50;59,9;91,2;4:00;23,92;14:50;1,85;29,84;6,72;20:55;330,4;20,58;0;0;5,46
23/05/2009;22,1;28,94;13:00;15,71;3:40;55,69;85,8;23:30;27,91;12:20;1,6;122,5;5,92;14:06;218,1;22,05;0,2;0;5,11
24/05/2009;20,2;27,13;15:00;12,35;0:00;55,78;90,9;4:50;17,78;15:20;1,82;146,3;6,83;17:18;112,8;25,2;0;0;5,51
25/05/2009;19,82;27,2;13:40;10,86;2:50;51,12;89,5;0:50;27,38;14:20;1,57;140,9;6,83;13:47;229,5;28,07;0;0;5,5
26/05/2009;22,09;29,15;12:00;15,38;0:00;44,4;71,3;0:00;21,49;12:40;2,05;78,9;7,85;12:57;129,3;28,37;0;0;6,44
27/05/2009;19,01;23,96;14:50;14,3;23:30;66,94;88,6;23:40;43,41;14:30;2,13;59,14;6,48;13:05;31,69;15,68;0;0;3,84
28/05/2009;19,38;25,38;12:40;12,55;23:20;51,18;89,2;2:00;20,56;10:50;2,51;52,97;9,54;13:57;102,9;28,74;0;0;6,05
29/05/2009;19,95;27,27;13:00;10,6;4:30;47,55;72;1:30;23,12;15:00;2,15;61,43;6,84;8:01;22,77;27,18;0;0;5,99
30/05/2009;21,65;29,42;12:30;13,63;5:00;47,62;73,3;1:20;23,81;8:40;1,65;60,93;6,03;12:43;76,8;23,31;0;0;5,48
31/05/2009;21,02;29,01;12:30;14,64;5:00;67,25;89,6;5:10;35,29;11:20;1,68;189,8;6,65;12:55;209,6;19,72;0;0;4,73
01/06/2009;22,84;32,5;12:30;13,5;4:30;60,83;93,1;2:10;15,95;15:40;1,4;60,16;8,15;14:05;234,9;28,42;0;0;6,21
02/06/2009;22,24;31,08;14:40;14,24;1:20;67,52;96,3;4:00;33,19;11:00;1,63;291,6;6,62;14:06;175,9;26,85;0;0;5,8
03/06/2009;22,1;29,35;13:40;16,13;4:30;66,16;89,2;4:40;39,81;15:00;1,62;219,9;6,77;14:12;228,5;25,46;0;0;5,41
04/06/2009;23,68;33,18;13:00;14,77;4:30;56,14;90,1;4:40;19,05;15:50;1,66;102,6;7,26;15:09;177,7;27,14;0;0;6,42
05/06/2009;23,61;30,29;14:10;17,46;3:40;46,89;87,3;5:20;17,91;17:10;2,07;235,7;7,49;15:00;246,4;25,68;0;0;6,31
06/06/2009;21,09;25,66;10:30;16,39;5:10;37,69;50,5;5:10;23,4;10:10;3,25;245,6;9,59;18:27;266,9;20,13;0;0;6,3
07/06/2009;19,06;24,91;12:50;11,07;4:00;43,94;63,72;23:50;30,37;9:20;1,94;166,1;6,89;9:33;197,9;29,57;0;0;5,77
08/06/2009;21,66;28,81;13:30;11,6;4:40;39,43;72,2;4:40;20,28;13:00;1,49;304,4;6,06;17:52;297,2;23,36;0;0;5,32
09/06/2009;21,23;26,72;14:20;14,44;4:20;43,47;63,64;23:40;29,54;13:10;1,53;165,3;6,42;13:49;200,4;27;0;0;5,56
10/06/2009;22,78;31,56;13:50;12,75;4:30;40,13;74,2;3:00;18,78;16:30;1,58;133;6,19;12:25;217,4;28,57;0;0;6,35
11/06/2009;25,67;35,46;13:40;14,91;2:40;27,32;51,66;2:30;12,16;14:50;1,55;102,1;6,12;13:12;185,6;29,11;0;0;7,03
12/06/2009;24,57;33,44;13:40;15,45;4:50;32,05;50,58;4:30;17,36;15:10;1,61;85;6,5;14:19;100,4;28,8;0;0;6,81
13/06/2009;26,94;35,93;11:50;17,66;0:20;34,84;72,5;0:00;15,27;12:20;1,72;44,88;7,83;12:53;203,5;27,34;0;0;7,05
14/06/2009;27,1;36,12;14:40;18,07;2:00;46,32;82;2:30;20,74;14:20;2,11;52,7;6,6;15:25;45,27;27,21;0;0;7,36
15/06/2009;27,12;34,92;14:10;19,27;4:50;46,15;78,7;4:50;19,66;14:10;1,77;215,9;7,08;20:04;196,8;21,96;0;0;6,22
16/06/2009;25,75;32,16;15:10;18,75;3:20;49,73;76,8;0:00;24,39;12:50;2,05;57,65;5,96;11:46;76;24,39;0;0;6,36
17/06/2009;24,67;31,76;15:10;18,41;0:00;60,57;84,2;4:40;29,26;15:10;1,59;46,01;6,15;16:01;91,6;21,41;0;0;5,4
18/06/2009;26,4;34,65;13:50;18,21;1:20;41,91;83,4;0:00;20;12:50;1,32;62,48;7,6;14:03;161,7;19,58;0;0;5,32
19/06/2009;27,99;37,81;13:50;18,87;3:40;32,54;54,67;0:20;13,78;14:00;1,73;208,4;6,79;13:00;236,7;26,38;0;0;7,35
20/06/2009;24,87;32,71;11:50;16,99;4:10;52,65;79,6;22:20;27,17;11:30;1,67;70,5;6,66;11:47;53,93;26;0;0;6,2
21/06/2009;23,04;28,4;10:30;17,26;4:50;65,54;89,1;5:00;44,95;10:10;1,84;140,5;6,25;15:11;179,5;24,69;0;0;5,29
22/06/2009;22,36;27,93;14:50;16,32;3:40;60,7;83,4;23:40;42,31;14:50;1,96;208,3;6,58;13:56;197,9;25,25;0;0;5,44
23/06/2009;24,47;33,45;12:50;15,65;4:30;63,76;90,6;4:00;25,81;14:20;1,61;14,14;6,97;13:46;199,2;28,2;0;0;6,45
24/06/2009;25,54;33,51;13:00;19,08;1:00;58,92;88,7;0:40;21,49;15:50;1,71;240,8;6,4;12:29;202,3;27,82;0;0;6,65
25/06/2009;27,59;34,8;12:20;18,61;4:40;27,29;75;1:50;6,89;12:20;2,01;172,5;8,21;10:48;272,7;29,84;0;0;7,64
26/06/2009;24,86;30,09;11:40;19,22;0:00;34,64;49,87;22:20;24,94;10:00;2;159,9;8,04;12:44;201;28,39;0;0;6,8
27/06/2009;25,17;31,35;13:40;16,52;0:00;28,28;51,03;0:20;16,96;13:40;1,8;139,3;7,18;11:53;155;29,41;0;0;6,85
28/06/2009;25,03;33,45;12:50;14,5;2:40;34,27;74,3;2:40;11,96;14:40;1,38;131,6;5,98;11:19;240,2;26,74;0;0;6,23
29/06/2009;26,58;34,04;13:40;16,45;4:20;38,34;71,4;23:40;18,99;10:50;1,56;118,9;7,8;14:30;117,2;28,6;0;0;6,69
30/06/2009;28,29;34,64;15:20;0;13:44;43,26;74,4;0:00;;13:44;1,88;189,2;5,79;15:35;226,1;8,88;0,6;;
01/07/2009;29,9;35,99;14:20;0;7:25;42,84;75,3;22:30;;7:25;1,97;220,2;6,51;16:35;217,1;29,72;0;;
02/07/2009;28,46;37,88;11:30;18,68;4:20;47,04;83;2:30;21,61;12:40;1,21;183,7;6,18;11:32;226,1;26,86;0;0;6,49
03/07/2009;28,19;36,19;12:50;19,35;3:50;49,78;77,6;4:30;20,47;12:50;1,72;180,3;6,08;13:10;203,9;31,94;0;0;7,59
04/07/2009;28,38;37,81;11:20;18,88;4:40;40,45;84,5;3:10;14,79;11:20;1,69;165,6;6,93;12:43;165,4;31,18;0;0;7,71
05/07/2009;29,07;36,19;10:40;19,95;2:20;27,28;45,47;0:00;16,41;10:20;1,77;136,5;8,6;11:00;124,4;32,9;0;0;7,9
06/07/2009;28;35,11;10:50;19,55;0:00;30,26;54,2;23:40;17,43;11:00;1,77;124,3;8,77;10:44;187,4;31,46;0;0;7,56
07/07/2009;26,18;32,64;12:20;18;3:40;43,66;81,3;23:30;21,76;9:20;1,97;105,6;7,11;10:24;231,5;31,94;0;0;7,27
08/07/2009;25,49;31,69;13:10;19,14;4:10;66,53;91,6;4:30;43,78;13:10;1,88;75,2;7,32;14:00;135,8;26,29;0;0;5,92
09/07/2009;25,36;30,81;14:10;19,88;0:00;63,97;88,7;4:10;42,5;14:10;1,76;145,8;8,02;11:44;164,6;26,85;0;0;5,91
10/07/2009;24,77;30,61;13:00;18,27;2:00;64,22;86;0:00;47,11;17:10;1,9;199,6;7,95;14:45;237,1;31,87;0;0;6,53
11/07/2009;25,14;33,09;14:50;18,88;3:30;66,62;91,6;4:10;35,94;14:30;1,56;134,2;6,6;15:22;135,1;28,98;0;0;6,37
12/07/2009;27,09;36,92;14:50;17,94;4:20;49,78;88,5;3:30;13,17;14:10;1,57;107;7,05;15:36;120,9;31,77;0;0;7,48
13/07/2009;27,55;36,13;11:40;19,82;0:20;51,48;81,3;23:00;20,95;10:00;2,08;69,91;6,71;11:31;354,6;30,58;0;0;7,76
14/07/2009;27,04;34,92;16:40;20,22;23:20;49,06;88;3:10;16,89;18:40;1,59;161,6;8,11;13:08;172,3;20,09;0;0;5,74
15/07/2009;27,72;36,33;13:30;19,29;1:20;42,61;84,7;22:10;14,32;10:00;1,76;77,6;6,5;10:40;30,32;30,8;0;0;7,51
16/07/2009;26,41;33,03;14:50;19,95;1:20;55,72;90,7;1:30;32,29;14:50;1,86;198,1;8,46;11:24;230,9;31,16;0;0;6,95
17/07/2009;29,05;36,66;12:10;19,22;2:40;33,97;79,1;2:30;10,07;18:20;1,96;146,1;6,87;13:29;183,3;32,47;0;0;8,01
18/07/2009;24,23;29;12:20;18,68;5:00;49,9;80,4;23:20;27,84;15:30;1,89;117,2;6,37;13:30;186,2;31,25;0;0;6,57
19/07/2009;23,17;29,93;13:30;15,79;4:30;62,72;90,8;4:40;35,89;10:40;1,59;77,2;5,67;15:49;121,9;31,37;0;0;6,22
20/07/2009;24,5;33,02;15:10;16,45;3:50;61,55;89,5;3:10;18,51;15:50;1,48;5,56;7,13;12:20;227,6;28,6;0;0;6,38
21/07/2009;26,48;35,58;13:10;18,41;2:40;61,31;92,4;3:20;24,32;13:30;1,34;12,18;7,61;13:24;242,3;25,6;0;0;6,1
22/07/2009;30,76;41,5;13:10;19,35;4:50;44,28;84,7;4:50;13,44;13:00;2,67;185,4;10,28;13:41;206,6;29,93;0;0;9,33
23/07/2009;33,49;42,03;13:40;21,37;1:50;24,36;70,4;1:00;9,32;13:30;1,87;143,4;7,59;13:37;211;29,78;0;0;8,27
24/07/2009;32,96;41,5;11:40;23,17;1:50;29,75;65,81;23:40;10,4;17:20;1,81;116;7,76;13:33;201,8;29,95;0;0;8,24
25/07/2009;26,46;32,15;14:10;21,64;0:00;53,56;81;0:00;24,15;4:40;2,37;60,44;8,29;12:49;34,92;29,16;0;0;7,18
26/07/2009;26,48;34,7;14:00;20,49;3:00;62,85;84,6;3:00;35,06;12:00;1,69;26,94;5,85;13:47;337,8;26,19;0;0;6,32
27/07/2009;27,22;35,99;14:30;20,08;3:50;60,26;88,5;4:00;25,4;13:40;1,47;189,3;6,73;16:10;221,7;19,34;0;0;5,42
28/07/2009;26,29;32,89;14:10;20,15;5:10;69,77;91,1;5:00;47,02;15:20;1,92;218,2;7,05;13:04;198,1;27,42;0;0;6,13
29/07/2009;27,74;38,62;12:40;18,68;3:50;59,1;98;6:10;19,58;15:00;1,56;193,6;7,1;12:58;230,5;29,26;0;0;7,21
30/07/2009;28,47;34,19;10:20;21,43;0:00;43,01;82,3;0:00;13,52;7:50;2,06;88,9;6,55;12:36;123;30,28;0;0;7,44
31/07/2009;25,31;31,76;11:30;19,62;3:10;70,9;89,3;3:10;48,31;11:30;1,92;208,1;7,57;13:31;224,5;27,21;0;0;5,93
01/08/2009;26,36;35;11:30;18,34;4:40;58,5;93,3;5:00;16,49;11:10;1,67;177,8;7,33;14:56;218;29,43;0;0;6,89
02/08/2009;26,43;32,84;12:40;20,63;3:20;47,68;87,9;0:00;26,97;8:40;1,98;133,1;7,15;13:04;126,7;29,04;0;0;6,76
03/08/2009;26,15;32,09;13:30;20,22;3:00;67,95;90,7;3:20;37,7;11:30;1,54;73,6;6,74;15:10;136,1;25,95;0;0;5,75
04/08/2009;25,97;32,96;14:10;20,42;3:10;68,54;90,5;3:20;38,24;14:10;1,73;69,14;7,1;13:21;126;25,42;0;0;5,89
05/08/2009;26,82;35,58;13:30;18,81;2:20;50,68;91,1;1:40;18,03;13:30;1,6;101,4;5,76;15:25;122,5;28,77;0;0;6,78
06/08/2009;26,65;33,9;13:40;17,39;4:50;51,18;78,6;23:10;30,8;14:00;1,62;145,1;6,54;13:09;218,8;29,46;0;0;6,52
07/08/2009;26,49;33,37;13:20;18,81;4:00;60,59;90,4;4:20;28,06;7:30;1,85;111,9;6,1;12:28;127,3;28,1;0;0;6,48
08/08/2009;25,62;30,36;14:10;21,43;2:20;68,26;87,9;5:20;48,8;14:10;1,6;115,2;6,43;13:38;136,6;19,25;0;0;4,55
09/08/2009;25,18;30,63;12:40;20,89;1:40;68,85;88;4:40;43,92;16:00;1,53;98,2;7,49;13:22;125,2;19,68;0;0;4,65
10/08/2009;24,41;29,21;13:10;21,16;22:50;68,76;83,5;1:20;50,3;11:50;2,66;37,24;7,66;9:57;38,89;16,01;0;0;4,53
11/08/2009;24,52;29,41;15:40;20,83;2:20;63,27;79,5;10:30;45,83;16:00;2,42;44,59;8,37;14:42;95,7;15,6;0,2;0;4,57
12/08/2009;26,23;32,83;14:00;20,16;5:00;49,27;76,5;5:00;26,55;14:30;1,86;81,2;8,59;14:30;18,9;27,53;0;0;6,46
13/08/2009;25,76;32,56;12:00;20,15;0:00;51,29;69,63;3:20;29,05;11:10;1,66;80,5;9,05;11:23;261,6;27,32;0;0;6,24
14/08/2009;25,6;32,16;11:50;18,68;23:40;47,14;71,8;2:30;28,24;10:40;1,71;94,2;7,09;13:11;130,5;27,85;0;0;6,23
15/08/2009;25,53;32,5;11:30;18,14;3:00;42,89;68,29;3:00;22,23;11:10;1,71;85,1;6,32;13:42;105,9;28,17;0;0;6,36
16/08/2009;25,35;33,36;13:00;17,46;3:10;52,03;82,1;21:30;25,47;11:50;1,49;91,2;6,31;11:42;69,85;27,94;0;0;6,1
17/08/2009;26,03;34,85;12:10;18,95;5:10;49,24;88,5;2:10;23,1;13:40;1,74;96,4;7,46;12:39;118,2;28,19;0;0;6,59
18/08/2009;25,98;33,57;13:20;17,8;4:00;42,32;69,08;23:00;21,89;11:20;1,47;87,8;5,91;13:22;92,8;25,09;0;0;5,84
19/08/2009;26,28;34,71;12:10;18,14;4:10;44,32;69,46;20:40;18,65;11:10;1,52;91,6;6,42;13:07;259,6;27,69;0;0;6,35
20/08/2009;26,8;34,7;14:20;18,61;0:30;46,74;79,8;23:00;18,45;10:40;1,69;89,5;6,06;15:27;139;27,67;0;0;6,49
21/08/2009;26,3;35,19;11:50;18,82;5:00;42,12;80,8;0:10;17,29;15:10;1,86;97,4;6,89;15:31;114,4;27,5;0;0;6,76
22/08/2009;26,27;34,78;12:00;17,6;2:10;34,43;60,37;2:10;18,04;12:00;1,55;90,9;5,94;12:59;112,5;27,3;0;0;6,32
23/08/2009;26,06;34,23;12:40;18,95;0:20;37,61;56,31;0:30;14,26;11:00;1,57;94,4;6,24;11:56;106,9;28,04;0;0;6,43
24/08/2009;25,91;34,18;11:00;16,51;5:10;43,46;67,79;23:10;17,9;11:40;1,74;157,2;6,58;12:16;216,9;27,01;0;0;6,36
25/08/2009;26,16;33,83;12:20;17,8;5:20;45,36;76,9;4:40;19,05;11:30;1,53;129,1;6,36;12:37;163,1;24,02;0;0;5,71
26/08/2009;25,43;31,69;12:50;20,22;0:00;62,22;85;3:30;42,02;13:10;1,44;87,5;5,07;16:39;120,7;17,88;0;0;4,37
27/08/2009;25,41;32,56;11:40;17,87;3:30;60,92;93,1;5:30;27,37;11:00;1,65;97,3;5,94;13:51;67,34;26,19;0;0;5,74
28/08/2009;25,6;33,57;13:20;18,82;3:20;59,98;92,5;4:00;33,38;17:20;1,48;128,7;6,53;12:42;241,6;25,4;0;0;5,57
29/08/2009;24,44;31,74;12:40;17,46;5:00;62,43;83;4:40;40,94;12:40;1,45;120,7;6,86;13:20;141,2;23,46;0;0;5,03
30/08/2009;25,17;33,03;12:40;17,53;5:20;58,94;87,1;4:00;31,01;14:00;1,35;127,5;6,75;12:34;198,5;24,6;0;0;5,3
31/08/2009;25,62;33,49;13:30;19,21;3:10;66,49;89,9;3:40;37,97;11:40;1,63;83;5,91;10:54;30,23;24,09;0;0;5,44
01/09/2009;25,41;33,29;13:40;18,34;5:10;67,99;92;3:20;34,86;11:50;1,42;99,3;5,25;12:33;196,7;24,52;0;0;5,31
02/09/2009;25,65;32,03;14:20;19,21;4:30;64,42;92,5;4:40;39,81;17:40;1,46;158,5;6,86;11:19;157,1;24,55;0;0;5,17
03/09/2009;26,89;34,52;10:30;17,87;4:40;38,65;70,4;0:00;21,69;10:30;1,61;146,6;5,98;11:54;193,3;25,35;0;0;5,89
04/09/2009;27,72;36,52;12:10;18,41;5:30;38,72;82,9;0:00;15,54;11:20;1,65;101,5;5,76;14:45;226,5;25,33;0;0;6,19
05/09/2009;25,1;30,63;12:20;20,89;5:00;69,5;89,2;3:30;46,5;12:10;2,02;64,7;7,36;14:45;119,6;17,23;0;0;4,36
06/09/2009;24,34;29,28;13:30;20,42;23:20;66,48;85,1;4:30;43,45;14:20;2,16;56,23;7,06;13:45;130,8;17,74;0;0;4,47
07/09/2009;23,15;28,74;15:30;17,8;4:30;67,16;85,1;4:50;34,54;15:20;1,82;45,52;6,23;14:33;26,59;13,66;0;0;3,89
08/09/2009;23,02;28,47;14:50;19,15;0:00;65,79;85,8;0:00;35,89;14:40;1,74;54,85;6,05;11:13;58,74;16,72;0;0;4,14
09/09/2009;22,24;29,14;12:50;16,59;0:00;60,55;85,8;0:00;29,74;12:30;1,62;73,4;6,51;14:57;97,4;22,75;0;0;4,79
10/09/2009;21,4;28,2;12:50;15,65;22:30;57,52;84,6;1:40;31,97;14:50;1,5;88,2;6,06;11:38;122;20,03;0;0;4,28
11/09/2009;21,29;27,8;15:00;14,91;2:30;55,1;89,1;0:00;30,29;10:10;1,76;78,7;6,69;14:27;105,5;17,04;0;0;4,09
12/09/2009;21,92;28,4;14:00;15,65;4:40;63,48;90,4;0:10;36,23;11:50;1,53;140,7;6,31;15:00;202,5;21,66;0;0;4,36
13/09/2009;19,67;27,73;11:50;16,03;14:50;76,1;93,5;20:00;47,65;11:00;1,42;99,1;8,7;13:21;50,96;13,98;12,6;7,47;3,21
14/09/2009;20,48;28,33;12:40;15,59;4:20;64,71;91,4;4:20;29,67;12:30;1,3;96,3;9,03;15:17;309,8;17,55;0;0;3,82
15/09/2009;18;24,1;14:00;14,23;4:40;76,6;96,9;22:00;45,52;11:00;1,39;71,8;6,68;14:48;350,5;14,2;6;2,65;2,93
16/09/2009;18,04;23,64;12:10;15,04;5:30;81,5;96,3;0:30;56,14;12:00;1,24;67,59;7,7;15:27;1,54;14,67;3,4;0,52;2,75
17/09/2009;18,49;24,78;12:40;13,43;2:40;66,36;97;5:10;36,18;12:40;2,42;168,2;10,17;13:18;171,3;18,97;0,2;0;4,05
18/09/2009;19,26;25,04;12:20;11,67;4:30;52,79;83,6;4:30;29,01;11:40;1,68;178,4;6,15;15:12;176,9;22,29;0;0;4,15
19/09/2009;20,34;25,84;12:20;14,37;5:30;52,54;80,1;5:50;27,44;12:20;1,43;146,6;6,73;15:15;170,3;23,27;0;0;4,22
20/09/2009;19,7;25,44;13:40;15,04;22:00;57,81;83;22:30;31,91;13:00;1,12;99,5;5,37;14:19;19,58;12,66;0;0;2,95
21/09/2009;18,48;25,59;10:50;13,56;5:40;65,22;95,3;19:20;26,44;11:00;1,66;95,2;7,68;11:39;82,9;19,45;19,8;12,24;3,91
22/09/2009;18,4;24,71;13:40;14,17;1:20;71,6;93,5;1:30;40,91;14:00;1,48;57,65;8,17;14:56;53,39;14,37;0,6;0;3,07
23/09/2009;18,72;22,37;11:10;15,99;0:00;82,6;96,5;22:20;63,11;11:10;1,22;52,1;6,52;11:36;14,31;7,74;0,4;0;1,85
24/09/2009;19,81;25,98;13:00;15,45;5:30;74,5;96;0:20;42,05;13:00;1,16;112,9;4,26;14:02;168,6;18,81;0;0;3,37
25/09/2009;20,13;27,73;12:40;13,83;0:00;63,86;94,3;0:40;29,13;12:40;1,46;136,9;6,15;12:50;212,9;21,58;0;0;4,06
26/09/2009;19,01;23,92;14:20;13,56;0:20;69,2;87,5;0:20;50,93;14:10;1,74;50,54;5,91;15:16;57,81;12,14;0;0;2,77
27/09/2009;17,45;19,36;0:40;16,25;8:00;92,3;99;22:10;73,8;4:30;1,7;44,08;5,98;9:48;62,28;1,94;28,8;17,66;1,07
28/09/2009;16,98;19,47;15:50;15,59;8:10;94,2;99,5;9:30;84,6;16:00;1,3;33,76;4,77;15:11;56,02;5,91;41,6;25;1,24
29/09/2009;18,56;22,29;12:00;16,13;6:00;87,2;97,7;0:00;63,17;11:50;0,91;60,23;4,35;12:55;150,3;12,32;11,4;6,62;2,18
30/09/2009;18,09;23,56;15:20;15,38;0:00;86,2;98,4;1:20;59,59;13:40;0,87;84,7;4,04;16:21;239,5;10,93;1,6;0;2,07
01/10/2009;19,77;26,51;13:00;14,04;4:40;73,2;92,6;1:00;40,15;12:20;1,09;94,4;4,4;15:28;351,1;18,44;0;0;3,22
02/10/2009;21,01;28,13;13:10;16,53;0:00;67,09;89;0:00;36,97;12:00;1,18;126;5,85;14:02;187,6;17,71;0;0;3,41
03/10/2009;20,99;29,01;12:30;15,45;22:10;56,21;89,9;0:20;22,1;11:40;1,39;127,7;6,14;15:19;185,5;20,33;0;0;3,98
04/10/2009;20,61;28,81;13:20;13,43;5:00;57,95;85,4;21:40;26,56;13:00;1,28;115,1;5,26;13:15;151,5;20,36;0;0;3,78
05/10/2009;20,62;29,61;13:40;13,02;4:50;61,07;88,6;5:10;19,12;12:30;1,24;99,5;4,75;13:23;219,1;20,37;0;0;3,83
06/10/2009;21,56;30,67;14:20;13,56;6:00;56,88;83,9;23:10;25,07;12:10;0,99;48,38;3,96;14:54;260,9;19,63;0;0;3,55
07/10/2009;21,79;30,41;13:00;15,92;1:50;64,84;95,4;0:00;29,12;13:50;1,16;91,3;5,97;13:48;220,5;17,75;0;0;3,52
08/10/2009;21,63;29,42;11:50;17,06;1:50;73,8;96,9;4:10;41,23;11:40;0,98;126,5;5,33;11:59;116,5;16,46;0,2;0;3,08
09/10/2009;21,16;26,85;10:50;15,99;5:20;72,8;94,8;23:40;44,81;10:30;1,14;113,4;4,85;11:50;124,6;14,32;0;0;2,76
10/10/2009;20,7;27,78;13:20;16,26;5:00;75,4;96,5;23:50;42,03;13:30;1,23;99,4;6,85;13:45;140,4;16,52;0;0;3,09
11/10/2009;19,7;24,98;14:10;15,92;4:40;81,4;97,1;4:50;56,86;14:30;1,26;136;5,09;12:13;131,2;14,78;0,2;0;2,57
12/10/2009;19,63;27,25;12:30;13,97;6:10;76,5;97,9;1:50;34,88;11:40;1,1;132,2;5,33;14:18;232,7;18,8;0;0;3,12
13/10/2009;16,73;21,83;10:00;12,9;22:30;90,4;97;5:20;69;10:00;0,91;89,4;4,64;10:18;39,67;6,13;4;1,03;1,38
14/10/2009;17,02;24,03;13:20;11,27;4:40;82,6;98,5;5:10;55,98;12:40;1,13;150,6;5,05;14:11;229,1;17,37;0,2;0;2,55
15/10/2009;17,32;22,5;14:10;12,01;5:40;84;97,5;0:50;62,48;11:30;0,92;91,5;4,46;14:51;216,4;13,5;0,2;0;2,05
16/10/2009;16,96;20,67;11:10;14,77;21:50;84,8;96,8;1:20;62,56;11:20;1,81;50,58;6,55;14:45;131,8;14,37;0;0;2,27
17/10/2009;16,33;22,14;13:20;11,88;4:50;78,7;95,9;5:20;51,13;12:20;1,18;174,9;4,58;15:15;206,4;15,72;0;0;2,34
18/10/2009;16,14;23,02;14:10;10,26;5:30;77,9;96,9;6:00;30,16;14:10;1,57;62,65;4,64;12:14;75,9;15,82;0,2;0;2,82
19/10/2009;16,39;21,47;12:20;11,95;4:30;79,1;97,9;5:10;56,6;12:20;1,36;158,6;5,56;14:26;161,8;15,23;0;0;2,24
20/10/2009;16,92;20,15;13:00;14,23;4:50;78,5;89,8;20:50;63,19;9:40;1,31;180,9;5,3;11:41;178,9;8,76;0;0;1,72
21/10/2009;17,6;21,02;11:40;14,3;6:20;49,94;86,5;0:30;28,28;11:40;2,45;234,2;8,67;2:37;200,7;12,96;0;0;3,1
22/10/2009;18,14;23,38;11:00;12,55;6:10;47,73;80,6;6:10;27,27;16:00;2,8;238,6;11,71;11:47;268,7;14;0;0;3,66
23/10/2009;16,41;23,69;11:40;8,58;6:10;58,96;86;21:10;28,06;11:50;1,46;136,5;5,8;13:20;158,4;17,03;0;0;2,81
24/10/2009;20,21;27,39;14:40;14,03;22:30;50,86;83,3;22:30;31,9;11:40;1,2;79;3,98;13:51;15,45;16,97;0;0;2,89
25/10/2009;19,93;27,52;13:30;14,77;0:00;58,58;84,6;0:00;35,55;13:30;1,08;113,5;4,32;14:39;237,5;16,08;0;0;2,71
26/10/2009;18,44;25,3;13:20;12,89;4:20;72,1;92,7;22:50;49,82;13:00;0,98;84,4;4,52;15:18;164;15,31;0;0;2,29
27/10/2009;18;25,23;13:00;12,68;2:40;76,6;97;23:00;49,68;13:50;1,04;90;4,37;13:55;210,7;15,95;0;0;2,32
28/10/2009;16,96;21,87;14:10;13,63;3:10;84,5;97,4;3:20;60,12;15:10;0,74;10,61;3,2;12:36;17,19;10,88;0;0;1,62
29/10/2009;18,75;26,59;12:50;14,03;5:10;75,7;97,5;7:20;45,5;12:40;1,24;214,4;5,12;13:52;226,6;15,11;0;0;2,48
30/10/2009;21,08;30,41;12:10;13,96;0:00;51,44;83,4;1:20;26,02;10:40;1,13;102;3,9;13:57;186,2;15,61;0;0;2,88
31/10/2009;20,02;25,64;14:00;13,96;0:00;65,68;96,9;23:20;40,57;10:10;1,37;67,09;4,48;11:48;11,62;14,35;0;0;2,45
01/11/2009;17,89;22,56;12:40;13,83;23:50;86,5;97,7;0:00;65,06;13:40;1,39;210,4;5,09;14:06;216,7;12,92;0;0;1,89
02/11/2009;19,64;27,59;12:30;12,29;5:20;59,68;98,2;0:30;26,7;14:00;1,42;49,72;5,66;12:05;307,7;15,01;0;0;2,77
03/11/2009;17,17;25,65;14:20;9,46;6:40;56,01;81,4;6:40;29,95;12:20;1,21;140,9;5,18;11:20;264,1;15,1;0;0;2,44
04/11/2009;18,05;25,98;11:50;12,15;0:50;48,12;69,22;0:50;26,03;10:50;1,67;107,8;6,58;13:00;334,7;15,2;0,4;0;3,01
05/11/2009;14,36;18,8;12:10;8,64;23:40;47,34;73,3;3:40;27,94;13:10;2;282,2;6,89;12:44;329,3;12,07;0;0;2,48
06/11/2009;14,34;19,8;12:30;9,44;23:00;51,3;78;23:00;33,69;12:20;1,91;235,4;8,67;14:19;326,8;14,79;0;0;2,45
07/11/2009;16,58;24,8;12:00;8,71;5:20;52,26;88,4;5:30;18,74;15:20;2,08;233,3;9,06;12:31;256,9;14,9;0;0;3,17
08/11/2009;13,94;18,39;13:20;9,53;4:10;43,1;63,55;4:20;26,05;13:30;2,4;258,9;7,79;11:21;246;14,33;0;0;2,83
09/11/2009;14,31;17,85;12:50;9,45;3:30;32,25;54,8;3:30;22,4;12:10;3,11;339,5;10,23;10:53;354,6;14,99;0;0;3,32
10/11/2009;13,34;19,74;13:30;7,09;4:30;46,27;75,3;22:10;22,53;13:20;1,48;156,1;9,81;1:06;266,8;13,25;0;0;2,19
11/11/2009;14,37;22,41;12:50;8,24;1:10;59,39;83,1;0:00;28,6;12:30;1,08;96,2;4;14:35;221,3;14,47;0;0;1,95
12/11/2009;13,47;22,56;11:50;7,15;6:20;60,91;88,6;0:50;30,09;12:40;1,23;113,7;3,99;12:09;145,4;14,13;0;0;2,05
13/11/2009;12,76;22;13:30;4,46;5:30;66,05;92;22:50;32,21;10:40;0,94;78,5;3,3;14:52;2,98;13,84;0;0;1,7
14/11/2009;15,86;26,8;12:20;7,29;3:40;60,05;91,9;3:50;24,07;12:30;0,94;125,1;4,41;13:00;234,3;12,77;0;0;2,01
15/11/2009;16,68;26,4;11:30;8,43;4:20;50,46;73,8;1:40;24,88;11:00;1,23;142,9;6,09;11:56;202,3;12,81;0;0;2,31
16/11/2009;17,33;28,21;11:40;9,58;23:40;50,7;78,6;23:40;18,86;12:00;1,35;138,7;6,22;13:45;198,6;13,25;0;0;2,65
17/11/2009;16,61;24,44;12:20;9,85;4:30;48,82;69,02;4:40;24,88;12:20;0,92;63,44;3,16;2:13;71,2;11,01;0;0;1,82
18/11/2009;15,72;22,04;12:00;10,12;22:30;56,59;94,2;23:30;36,2;11:50;1,27;61,37;4,44;13:14;35,82;8,48;0;0;1,75
19/11/2009;13,54;18,59;13:00;8,04;6:30;79,9;94,6;20:10;56,99;10:50;0,83;79,6;3,68;15:43;187,5;8,04;0;0;1,14
20/11/2009;14,1;20,4;13:50;9,79;4:30;82,7;97,3;4:40;57,22;12:50;0,79;116,3;4,44;14:52;229,5;11,02;0;0;1,25
21/11/2009;13,28;18,66;14:20;8,85;0:00;87;97,6;23:50;66,91;11:50;0,77;105;2,96;12:58;37,84;8,85;0;0;1,05
22/11/2009;14,37;22,7;12:00;7,7;2:20;74,2;99,8;5:20;39,03;11:40;0,95;89,1;4,01;14:09;354,3;10,43;0;0;1,5
23/11/2009;12,1;20,67;14:20;5,75;22:40;59,79;88,6;23:00;27,53;12:50;1,2;105,3;3,89;8:20;94,5;12,73;0;0;1,72
24/11/2009;10,85;19,59;12:30;3,71;4:40;71,3;96,8;23:10;39,51;11:00;1,17;103,2;5,16;14:31;207,8;12,7;0;0;1,49
25/11/2009;10,95;19,88;14:30;2,51;5:30;73,5;97,5;0:40;45,33;14:30;0,87;115,9;3,52;12:47;264,5;10,82;0,2;0;1,24
26/11/2009;14,85;19,95;13:30;10,32;2:50;65,02;81,4;21:00;44,46;11:00;1,09;164,3;4,4;12:48;225,1;7,18;0;0;1,43
27/11/2009;13,8;19,06;12:20;9,32;0:00;58,12;84,4;6:20;36,33;13:10;1,1;65,45;5,3;19:45;85,5;9,27;0;0;1,45
28/11/2009;11,16;16,57;13:00;6,62;23:40;68,69;95,1;23:50;43,17;11:40;1,53;129,2;5,84;11:34;236,3;10,47;0;0;1,43
29/11/2009;9,86;15,67;10:10;5,07;2:40;80,5;97,7;4:40;52,63;10:10;1,2;188,9;5,6;16:30;350,6;2,98;0,4;0;1,08
30/11/2009;9,6;13,69;13:50;5,67;6:50;47,82;69,05;6:50;31,48;14:10;2,22;289,3;8,39;8:39;242,6;11,45;0,2;0;1,9
01/12/2009;9,94;15,43;14:30;5,48;0:00;45,93;73,1;0:00;26,8;14:00;2,08;246,7;8,86;5:03;283,6;11,06;0,2;0;1,99
02/12/2009;11,56;19,18;13:40;5,07;1:00;67,06;87,5;23:00;41,53;14:00;1,13;116,7;4,38;15:01;184,9;11,55;0;0;1,36
03/12/2009;13,38;16,79;12:10;8,78;22:10;51,96;72,4;0:10;31,74;14:50;2,43;280,4;9,29;13:56;234,7;9,9;0;0;2,18
04/12/2009;10,8;18,58;14:00;5,34;5:40;56,06;76,1;6:30;26,05;14:10;1,12;109,7;4,31;1:14;318,7;11,48;0;0;1,48
05/12/2009;9,88;19,4;14:20;3,18;23:10;63,54;94,2;23:30;30,64;14:20;1,16;81,3;3,8;4:27;57,45;12,03;0;0;1,45
06/12/2009;8,9;18,17;13:30;1,3;6:50;67,03;93,7;0:30;34,83;14:00;0,85;84;2,57;9:43;345,3;11,75;0;0;1,13
07/12/2009;10,5;18,25;13:50;1,49;2:30;56,89;86,3;2:30;25,65;10:30;1;69,89;3,54;20:56;64,36;10,97;0;0;1,29
08/12/2009;12,18;19,66;12:50;6,15;0:00;71,6;91,1;0:00;42,34;13:00;1,08;99,6;3,25;14:31;180,2;9,75;0;0;1,29
09/12/2009;11,58;19,59;14:10;6,15;0:00;74,8;93,2;0:00;46,2;14:10;1,13;90,4;3,32;5:02;86;11,22;0;0;1,27
10/12/2009;10,41;16,43;13:00;3,92;6:50;81,5;96,2;0:00;62,18;11:50;0,86;84,8;3,47;13:16;201,2;8,99;0;0;0,87
11/12/2009;9,38;17,44;14:00;4,12;0:00;85,5;98,9;0:00;57,51;14:00;1;148,4;4;14:26;243,1;10,84;0;0;0,99
12/12/2009;9,62;17,04;14:30;2,7;1:10;77;99,7;1:50;41,41;11:40;1,15;77,8;4,43;12:37;6,15;10,82;0,2;0;1,16
13/12/2009;10,03;13,15;13:10;7,43;5:00;83,3;95,7;22:00;69,82;10:40;1,34;55,66;5,26;20:36;46,75;4,09;0;0;0,83
14/12/2009;5,74;7,63;0:00;3,17;11:10;83,5;97;8:00;55,43;23:10;2,78;359,1;9,55;15:14;351;2,03;0;0;1,06
15/12/2009;4,97;8,83;14:00;0,89;23:40;54,32;66,25;22:00;37,45;13:40;2,02;4,57;7,26;12:10;333,4;11,4;0,2;0;1,36
16/12/2009;5,86;;;;;74;94,9;19:40;56,25;9:50;1,16;76,9;6,64;23:54;212,1;6,22;0,2;0;0,95
17/12/2009;14,61;18,74;12:20;9,46;22:10;52,48;68,09;22:10;31,06;14:40;3,25;219,9;12,46;10:03;253,2;10,64;0;0;2,76
18/12/2009;9,58;12,48;14:20;7,03;4:00;81,6;98;21:40;64,84;0:00;1,06;61,93;5,32;20:56;284,7;3,87;3,8;0,86;0,78
19/12/2009;3,37;8,17;0:00;-1,07;23:30;75,4;96,9;8:50;47,16;14:50;1,63;21,28;5,98;1:15;27,13;3,26;16,2;9,84;0,97
20/12/2009;2,33;7,61;13:20;-2,08;6:30;60,05;88,5;19:20;34,87;13:20;1;76,3;3,45;9:15;86,4;10,77;0;0;0,81
21/12/2009;8,53;13,56;15:00;3,65;3:10;83,9;95;21:00;70;11:20;0,96;201,2;4,96;15:33;195,6;5,87;0;0;0,75
22/12/2009;13,81;17,35;14:00;8,92;5:00;70,2;97;5:20;45,48;15:20;3,42;218,6;12,75;14:04;255,8;5,42;0;0;1,97
23/12/2009;14,77;19,97;15:10;6,35;4:50;70,3;90,3;4:40;41,56;15:20;3,34;194,3;10,93;9:04;194,2;7,4;0;0;2,35
24/12/2009;16,12;18,29;15:10;13,29;23:50;73,5;96,4;11:00;56;21:40;3,81;200,7;10,32;0:14;188;2,38;10,6;6,05;1,81
25/12/2009;13,03;17,62;8:40;8,84;21:10;75,9;98,2;23:40;56,25;9:10;1,99;32,87;8,52;4:18;230,9;6,62;16,4;9,98;1,33
26/12/2009;10,83;14,1;11:30;6,35;6:50;93,3;99,6;8:00;65,64;23:20;1,13;165;4,24;3:34;96,1;5,3;4,2;1,19;0,83
27/12/2009;9,56;15,43;12:40;4,26;23:50;73,4;96,7;0:00;49,34;12:40;1,23;111,9;4,93;0:39;350;10,82;0;0;1,06
28/12/2009;11,55;20,8;14:20;3,65;0:20;76,9;98,4;3:40;49,76;14:20;1,48;213,4;7,65;23:42;260,9;4,59;0;0;1,44
29/12/2009;18,74;23,85;12:40;12,81;23:50;65,15;82,7;9:00;43,92;17:10;1,67;211,7;7,85;0:03;249;8,45;0;0;1,87
30/12/2009;15,09;22,57;13:10;9,05;22:40;68,77;90,2;7:30;44,1;13:20;1,54;211,2;7,59;11:29;258,6;10,76;0;0;1,69
31/12/2009;12,65;16,24;12:10;8,98;0:00;61,85;82,2;9:00;47,05;15:40;3,64;231,1;11,91;19:10;264,4;8,56;0,8;0;2,16
01/01/2010;10,43;15,18;14:10;6,22;6:20;54,03;70,9;23:10;36,02;13:40;3,48;232,7;11,11;11:38;255,4;11,52;0;0;2,42
02/01/2010;8,87;15,83;13:50;3,31;4:40;73,2;93,3;21:50;42,5;12:40;1,09;161,1;3,59;15:02;181,8;10,8;0;0;1,12
03/01/2010;8,5;14,62;12:20;3,05;4:30;83,3;95,9;5:20;53,83;11:10;0,91;120;3,76;12:54;254,4;9,3;0;0;0,91
04/01/2010;9,69;14,23;13:50;6,21;7:30;90;98,7;22:20;74,7;12:40;0,86;100,8;3,5;16:33;190,1;5,93;0;0;0,73
05/01/2010;10,89;17,19;14:00;6,55;4:50;77,3;99;5:20;46,43;14:00;1,38;172,6;7,32;13:43;270,4;7,76;0,4;0;1,28
06/01/2010;9,86;13,13;14:50;6,55;22:30;65,05;89,6;0:00;42,44;14:50;1,5;208,8;5,51;1:20;263,9;8,3;0;0;1,25
07/01/2010;6,58;8,71;15:40;4,26;19:00;92,3;99;9:10;77,8;16:20;1,36;44,48;7,12;15:22;333,7;1,69;18;11;0,62
08/01/2010;4,24;6,15;13:50;2,45;0:00;54,6;94,8;0:30;34,22;14:40;3,06;315,3;9,7;14:36;275,6;8,36;0;0;1,39
09/01/2010;3,38;7,22;13:00;-0,6;23:00;45,96;70,7;23:00;27,03;13:30;2,59;255,9;9,55;12:05;278,3;12,06;0;0;1,63
10/01/2010;2,37;8,43;12:20;-2,55;2:20;73,7;96,1;0:00;40,57;11:00;1,06;136,6;4,85;13:05;177;8,3;2,4;0;0,89
11/01/2010;4,75;11,54;13:50;0,89;7:00;92,5;98,9;9:30;75,3;13:50;0,79;70,2;3;14:05;26,54;5,76;0;0;0,65
12/01/2010;8,06;13,45;21:30;2,64;0:10;81,2;96,3;19:00;50,94;23:40;1,33;187,9;7,65;23:40;217,5;1,72;0,2;0;1,07
13/01/2010;12,26;16,51;13:50;8,98;5:30;61,27;90,5;23:10;45,31;3:40;2,24;214,3;8,57;2:21;264,4;7,02;0;0;1,71
14/01/2010;13,64;17,1;3:20;8,71;0:40;49,9;92,5;1:40;36,78;20:20;4,64;284,2;13,13;12:39;296,2;10,5;0;0;2,7
15/01/2010;11,34;17,44;14:20;6,15;21:10;54,9;90,4;18:50;30,45;13:40;1,94;208,6;11,5;1:33;319,9;11,89;0;0;1,93
16/01/2010;9,94;18,33;14:10;4,19;4:40;71,7;88,9;3:30;38,7;14:20;1,05;127;4,62;14:25;229,2;10,8;0;0;1,39
17/01/2010;12,17;18,81;15:00;6,69;2:10;73,4;89,5;21:30;53,19;14:50;0,89;104,3;2,65;15:22;256;7,89;0;0;1,18
18/01/2010;10,08;15,22;13:30;4,53;6:30;85,4;98,3;22:40;71,1;12:20;1,27;62,66;4,46;13:57;13,65;11,69;0;0;1,04
19/01/2010;11,05;17,41;12:40;5,33;4:30;86,7;100;8:30;57,89;12:30;0,93;163,6;4,75;12:46;282;5,56;0;0;1,03
20/01/2010;12,53;17,66;13:20;6,42;6:50;62,48;82,5;0:00;41,15;11:50;1,4;70,4;6,65;13:40;327,8;9,77;0;0;1,59
21/01/2010;9,73;15,77;14:50;3,38;6:20;69,55;93,7;0:00;42,77;13:00;1,06;125,1;4,01;14:58;164,1;11,86;0;0;1,29
22/01/2010;9,46;17,1;14:20;4,53;7:50;80;97,2;0:00;43,1;13:50;1,04;84,7;3,55;16:45;230;12,64;0;0;1,36
23/01/2010;9,68;12,61;13:50;6,42;1:00;88,8;99,1;3:30;69,33;14:20;1,62;30,97;5,06;14:18;26,05;6,34;0;0;0,97
24/01/2010;9,95;12,75;14:20;7,7;6:30;78,2;92,7;6:30;54,91;12:30;1,58;29,86;5,8;18:44;83,8;7,83;0;0;1,24
25/01/2010;8,59;11,34;14:00;7,03;22:50;86,8;97,4;23:40;62,91;14:40;1,49;40,4;4,89;15:33;40,3;5,24;3,8;0,86;0,98
26/01/2010;7,54;9,12;15:40;6,28;4:20;90,7;97,2;8:20;74,8;23:30;2,92;26,65;8,22;12:31;64,84;0,69;49,2;29,13;0,82
27/01/2010;5,39;7,23;0:00;2,78;6:20;83,1;92,8;14:40;67,83;9:40;1,47;47,06;5,48;12:45;25,4;3,28;0,4;0;0,8
28/01/2010;6,58;15,16;14:50;1,84;7:00;68,18;89,5;19:40;27,01;14:20;1,04;106,8;3,89;15:43;182,1;14,16;0;0;1,51
29/01/2010;8,02;16,24;16:10;0,68;1:50;56,5;88,1;2:00;32;14:30;1,12;75,1;4,59;15:20;7,21;14,01;0;0;1,58
30/01/2010;8,02;13,94;14:40;2,51;7:10;64,29;86;7:10;37,09;14:30;1,59;178,7;5,58;11:37;282,4;14,3;0;0;1,69
31/01/2010;7,66;14,61;13:50;1,7;3:10;63,45;87,4;3:20;38,3;13:30;1,28;79,6;5,09;14:12;345,1;14,42;0;0;1,58
01/02/2010;7,33;13,6;14:20;1,63;6:40;66,58;95,5;0:00;31,4;13:20;1,41;90,6;5,7;16:45;128,6;14,82;0;0;1,64
02/02/2010;6,64;11,47;13:20;1,16;22:50;82,4;96,3;3:30;55,74;13:10;0,79;86,7;3,05;17:55;103,8;7,38;0;0;0,97
03/02/2010;6,18;10,8;13:40;0,35;3:50;84;95,2;4:10;63,85;11:30;0,96;31,83;2,72;2:00;79,2;8,67;0;0;0,98
04/02/2010;10,5;16,2;14:40;5,6;1:00;80,5;96,2;1:20;59,53;23:30;1,29;150,9;6,74;21:37;233,9;5,07;1,6;0;1,19
05/02/2010;14,17;18,66;12:50;8,25;22:50;58,45;76,4;22:50;38,36;13:30;3,19;221,6;9,98;11:42;235,8;14,76;0;0;2,9
06/02/2010;11,03;19,53;12:40;4,93;6:50;69,83;91,1;19:30;31,92;13:20;1,08;121,3;3,63;14:27;260,8;15,28;0;0;1,92
07/02/2010;9,44;15,57;13:30;3,19;5:50;73,1;94,1;1:10;50,02;13:30;0,94;121,7;3,74;13:11;209,6;8,01;0;0;1,28
08/02/2010;10,73;16,92;15:30;7,36;5:50;80,6;96,1;6:10;53,33;16:50;1,13;199,3;5,77;16:10;272,2;5,79;0;0;1,3
09/02/2010;11,03;15,64;12:00;7,5;7:10;63,81;84,6;3:50;40,34;12:30;2,03;218,7;9,43;11:17;288,6;12,35;0;0;2,09
10/02/2010;9,12;13,29;12:20;3,59;6:50;71,2;94,1;0:00;43,68;12:30;0,97;175;4,38;0:39;329,9;6,64;1;0;1,25
11/02/2010;6,85;11,34;14:40;1,36;0:00;63,69;95,5;3:30;31,48;13:40;1,32;64,74;5,97;8:15;91,5;9,32;0,2;0;1,49
12/02/2010;5,04;10,58;12:50;-1,27;5:50;49,27;77,9;0:00;23,29;12:40;1,26;107;5,06;14:03;101,5;13,51;0;0;1,66
13/02/2010;2,96;3,73;21:10;1,97;9:10;91,5;95,9;15:40;77,9;0:00;1,02;42;3,68;16:32;69,51;1,46;12,4;7,29;0,57
14/02/2010;5,63;8,57;14:50;1,97;6:10;80,3;94,3;21:40;63,26;12:10;1,09;70,8;4,33;18:36;115,2;8,56;0,2;0;1,05
15/02/2010;5,41;6,15;14:40;4,39;6:10;95,3;98,7;18:00;85,6;1:00;1,62;34,13;4,97;5:18;28,39;1,06;7,2;3,56;0,54
16/02/2010;7,44;10,39;15:20;5,48;6:40;97,3;100;0:00;90,9;15:30;0,8;28,57;3,2;12:55;16,54;3,05;1,6;0;0,63
17/02/2010;10,5;16,85;15:00;4,66;5:40;76,1;100;6:10;43,25;15:00;2,42;210,1;10,66;19:27;261;12,29;0,8;0;2,2
18/02/2010;7,51;10,8;13:30;4,4;2:40;84,3;97,3;16:20;67,35;0:00;1,34;73,8;5,11;13:31;51,07;4,01;10,2;5,76;0,95
19/02/2010;8,57;15,57;13:30;3,52;22:40;78,9;99,5;4:30;44,78;18:20;1,62;128,3;9,06;18:55;335,5;8,31;3,8;0,86;1,69
20/02/2010;8,1;14,75;15:00;2,85;2:30;60,77;85,9;20:30;26,53;13:40;1,59;192,3;5,68;10:42;250,5;17,17;0;0;2,29
21/02/2010;9,29;14,56;16:30;4,6;2:40;78,5;95,3;20:20;59,15;22:30;1,65;175,7;7,24;12:32;188,8;11,86;0,4;0;1,65
22/02/2010;14,68;20,16;12:50;6,95;6:30;55,5;82,5;6:30;34,24;15:10;3,45;227,9;12,6;16:57;263,8;15,93;0;0;3,49
23/02/2010;15,16;19,61;12:50;10,8;7:10;56,1;91,3;7:40;38,93;18:00;2,99;227,9;10,8;13:21;259,2;16,07;1,6;0;3,1
24/02/2010;16,06;20,55;14:50;11,74;4:50;49,15;67,59;5:00;30,92;10:40;3,1;236,5;10,61;0:59;227,5;18,34;0;0;3,89
25/02/2010;14,75;22,04;15:20;5,2;6:00;57,9;85,9;6:10;33,96;12:40;1,85;198,7;9,24;15:34;304,3;15,53;0;0;2,92
26/02/2010;15,87;22,36;11:30;8,98;23:20;67,52;96,5;23:30;40,18;11:40;1,97;206,3;8,62;3:32;243,9;12,63;0;0;2,7
27/02/2010;16,08;25,83;21:10;8,78;4:00;69,13;96,4;1:10;25,84;21:10;2,12;26,88;14,1;21:08;221;13,21;0;0;3,55
28/02/2010;14,15;21,37;0:00;6,89;22:00;58,69;95,3;22:40;36;1:10;1,94;97,8;9,13;2:50;260,9;7,35;0;0;2,43
01/03/2010;12,27;19,59;13:50;5,41;23:10;53,32;89;1:10;21,24;12:50;1,87;197,5;6,64;2:59;257,6;20,12;0;0;3,21
02/03/2010;8,63;12,42;11:40;5,07;6:00;82,3;99;18:30;53,44;10:50;1,57;47,35;5,95;13:51;28,47;4,33;27,8;17,07;1,27
03/03/2010;12,59;18,81;13:50;8,1;6:30;74,8;98,9;7:00;37,83;13:40;1,88;207,2;7,91;11:15;264;16,61;11,4;6,63;2,69
04/03/2010;13,53;20,88;14:50;7,3;4:20;69,47;92,6;4:20;36,59;14:20;1,26;131,5;5,34;13:11;230,5;18,43;0;0;2,74
05/03/2010;10,77;13,83;10:40;7,56;22:40;78;97,3;23:20;68,25;13:20;2,04;52,65;6,81;23:55;36,75;8,76;0,6;0;1,49
06/03/2010;8,49;10,73;15:20;6,21;3:40;75,1;93,2;0:20;48,7;15:40;2,64;37,11;7,33;0:15;61,09;6,11;0,6;0;1,66
07/03/2010;9,29;12,54;12:30;7,49;1:30;86;97,3;23:40;68,18;12:00;1,7;168,9;6,96;14:21;154,8;9,58;0,4;0;1,46
08/03/2010;8,33;15,86;9:40;0,75;0:00;79;97,8;0:50;45,97;9:40;1,71;58,66;7,25;9:45;69,32;7,22;2,6;0;1,78
09/03/2010;5,5;12,67;15:00;-0,2;2:50;66,31;99,6;3:40;39,34;15:40;1,95;306,6;5,97;2:32;317,1;18,12;3,2;0,34;2,27
10/03/2010;6,37;13,06;12:40;0,35;1:30;59,63;95;23:50;26,08;9:40;1,34;141,8;5,49;14:04;175,3;20,86;0;0;2,44
11/03/2010;7,01;12,81;12:20;0,15;6:00;74,3;93,2;0:20;49,69;12:40;1,48;88,5;5,61;13:50;167,6;19,13;0;0;2,19
12/03/2010;7,22;10,05;15:00;5,41;8:20;85,1;95,9;4:30;67,6;16:50;1,49;52,52;4,85;3:15;38,49;6,12;5,4;2,17;1,16
13/03/2010;7,44;12,32;14:10;2,51;23:50;72,6;95,7;2:50;40,54;13:40;1,27;121,2;5,04;12:03;109,9;15,77;0;0;2,05
14/03/2010;6,66;13,42;15:00;2,51;0:10;75,7;97,3;23:30;38,39;14:30;1,21;97,6;6,28;15:10;96,4;13,43;0,2;0;1,96
15/03/2010;7,8;15,42;13:40;1,7;2:20;73,8;94,8;0:00;43,67;10:30;1,36;125,6;5,12;15:16;222,7;21,67;0;0;2,58
16/03/2010;7,97;15,69;14:10;0,68;5:30;78;97,1;23:00;45,55;13:40;1,45;66,4;7,18;13:35;54,11;21,64;0;0;2,6
17/03/2010;9,88;16,44;13:20;3,45;4:40;76,6;97,3;0:50;45,64;10:00;1,8;45,76;6,33;12:49;63,14;21,79;0;0;2,83
18/03/2010;10,34;16,97;16:00;5,34;4:20;84,1;97,5;2:30;59,55;14:40;0,83;24,63;3,58;11:54;257,6;11,67;0,4;0;1,78
19/03/2010;13,42;19,36;14:50;7,63;5:40;85,9;97,2;6:00;63,55;15:00;0,77;192,5;2,9;10:56;248,6;9,36;0,2;0;1,68
20/03/2010;15,98;23,04;12:30;9,86;2:20;68,14;96,9;0:20;29,56;12:20;1,15;62,62;5,97;18:40;329,9;8,52;0,4;0;2,38
21/03/2010;13,12;14,77;14:00;10,93;19:50;92,3;98,5;8:30;84,7;1:30;0,78;93,1;2,92;13:21;354,5;3,53;11,2;6,46;0,91
22/03/2010;14,02;21,35;13:40;8,98;23:40;76,3;97;2:40;41,87;12:10;1,12;136,4;7,45;14:20;312,9;19,27;0,6;0;2,99
23/03/2010;12,23;17,26;12:00;7,03;5:30;86,4;97,8;6:00;68,42;12:30;1,82;51,69;5,31;12:03;43,83;16,02;0;0;2,28
24/03/2010;12,35;16,25;14:30;9,86;0:10;86,5;98;1:10;68,56;14:30;1,56;21,2;4,35;16:09;98,7;8,98;0;0;1,66
25/03/2010;14,09;19,2;11:40;6,88;5:50;78,2;99,4;6:30;44,43;22:20;1,26;195;5,47;11:41;199,2;19,67;0;0;2,95
26/03/2010;14,1;19,34;14:30;8,44;23:30;60,47;80,7;21:20;36,54;11:40;1,72;157,1;6;11:51;182,3;20,85;0;0;3,45
27/03/2010;12,98;19,93;13:50;6,69;5:30;64,72;94,1;0:00;40,32;12:50;1,33;135,7;4,89;14:26;211;23,72;0;0;3,4
28/03/2010;13,12;21,21;13:10;6,28;2:30;71,4;95,4;23:40;37,67;14:30;1,17;102,9;4,79;13:30;75;22,49;0;0;3,35
29/03/2010;14,27;24,04;13:50;4,19;5:30;62,88;98,2;6:10;22,24;15:30;2,2;229,3;10,9;15:51;262;24,19;0;0;4,56
30/03/2010;15,21;21,15;13:30;7,3;23:00;43,87;78,5;21:30;20,7;11:50;3,11;261,5;12;6:32;260,4;25,52;0;0;4,96
31/03/2010;11,57;18,19;11:40;6,09;5:40;62,43;88,4;20:30;33,42;11:40;1,36;138,5;5,92;12:35;275,7;20,25;0;0;3,14
01/04/2010;11,51;17,92;12:10;5,34;0:00;61,34;89,9;23:50;34,78;10:50;1,58;119,1;6,1;13:56;126;24,36;0;0;3,49
02/04/2010;11,9;19,52;14:20;4,4;1:10;67,52;94,6;1:30;36,93;14:20;1,46;155,6;5,54;13:05;183;25,69;0;0;3,64
03/04/2010;13,09;20,94;13:10;5,14;4:30;67,79;95,8;1:10;24,55;12:10;1,38;127,5;6,17;14:29;207,1;23,38;0;0;3,72
04/04/2010;13,03;20,47;13:50;6,15;23:50;54,97;94;0:00;19,35;12:10;1,76;80,4;8,27;15:17;207,9;27,02;0;0;4,25
05/04/2010;10,77;15,03;12:30;5,34;1:40;64,94;96;1:50;39,6;14:40;2,18;41,04;8,6;13:10;35,85;13,23;0;0;2,56
06/04/2010;13,25;17,85;15:20;10,33;1:40;67,28;85,5;23:40;54,53;3:10;2,18;31,33;6,44;12:49;38,54;18,32;0;0;3,08
07/04/2010;15,52;23,08;14:20;7,63;0:00;74,9;95,3;0:00;45,91;15:30;1,69;224,3;6,6;15:37;243,3;24,95;0;0;4,02
08/04/2010;12,1;18,05;12:40;5,61;4:40;75,4;97,6;3:10;51,22;12:40;1,53;147,4;6,82;15:58;226,8;26,51;0;0;3,54
09/04/2010;11,19;17,38;12:00;4,93;5:10;72,8;98,1;5:50;42,29;12:00;1,62;100,5;5,87;16:05;127,1;22,12;0;0;3,23
10/04/2010;10,8;17,53;14:00;3,18;4:20;74,8;94,2;5:30;45,75;14:00;1,9;72,3;6,77;14:08;80;19,86;0;0;3,09
11/04/2010;12,68;19,99;14:40;5,07;2:50;67,6;95,3;1:10;31,39;12:50;1,41;69,29;5,42;9:44;354,6;23,54;0;0;3,68
12/04/2010;14,2;19,07;14:20;10,06;1:00;73,3;94,7;5:30;48,65;14:10;1,36;125,5;5,77;12:37;203,4;19,77;0,6;0;3,17
13/04/2010;11,5;13,02;0:00;10,19;23:50;91,6;98,5;4:00;81,6;16:40;2,1;42,8;5,78;19:12;92,3;2,84;2,2;0;0,94
14/04/2010;11,84;14,96;13:50;9,92;0:30;87,5;94,9;0:00;74,2;16:20;1,96;46,78;5,26;12:51;27,39;13,04;0;0;2,04
15/04/2010;12,54;16,38;14:00;10,13;4:30;81,1;93,2;21:20;62,06;14:00;1,35;29,72;4,45;5:00;53,87;9,31;0;0;1,89
16/04/2010;12,56;15,32;15:40;10,47;5:30;87,7;97,5;0:00;62,77;8:50;1,21;36,65;3,97;8:43;15,39;7,89;1;0;1,66
17/04/2010;13,03;16,38;14:10;10,46;5:00;88;98,7;5:30;67,95;14:10;0,99;72,6;4,27;12:57;155,3;8,53;0;0;1,66
18/04/2010;13,89;19,07;12:10;10,8;22:50;84,7;99,4;6:10;53,72;12:20;1,21;176,3;6,94;12:38;184,2;16,37;1,4;0;2,75
19/04/2010;15,15;21,62;12:30;9,52;0:00;71,5;99,8;6:00;39,17;10:40;1,28;156,6;5,16;11:52;209,8;24,98;0;0;3,97
20/04/2010;15,81;22,23;11:40;9,52;0:00;66,73;92,4;0:10;41,4;11:20;1,44;71;5,64;12:07;7,11;18,47;0;0;3,47
21/04/2010;15,91;24,17;12:40;8,51;5:20;65,66;91,5;5:40;28,06;12:40;1,5;59,99;10,04;11:24;127,6;21,51;0,6;0;4,15
22/04/2010;15,33;22,02;13:40;11;23:20;81,1;96,1;23:40;51,47;13:30;1,11;141,1;5;14:57;142;15,36;3,8;0,86;2,87
23/04/2010;16,97;23,1;11:50;10,34;3:50;64,52;96;0:10;40,31;14:10;1,59;151,2;5,81;12:38;203;23,03;0;0;4,11
24/04/2010;18,05;25,18;12:50;9,86;4:00;65,26;93,4;4:50;35,43;14:40;1,28;117,8;6,5;13:18;107,5;28,2;0;0;4,78
25/04/2010;17,3;24,91;13:40;11;4:00;74,2;95,8;4:20;43,54;13:20;1,44;79,3;5,23;12:58;38,98;23,89;0;0;4,26
26/04/2010;17,46;25,38;12:50;10,26;3:20;62,94;94,3;3:30;28,74;16:00;1,44;89;5,49;11:42;42,93;29,28;0;0;5,07
27/04/2010;19,47;29,89;13:10;9,59;2:20;51,92;88,6;2:00;21,56;13:10;1,33;168,2;5,25;14:24;187,5;28,99;0;0;5,55
28/04/2010;17,43;25,18;14:10;9,73;3:50;64,82;96,1;5:10;31,78;13:40;1,56;111,3;5,55;14:12;108,7;28,59;0;0;5
29/04/2010;17,65;26,79;12:50;9,25;4:00;59,06;90,7;4:10;23,73;13:20;1,18;150,6;5,32;14:11;172,5;26,36;0;0;4,8
30/04/2010;18,53;26,59;13:30;10,19;3:50;58,31;90,5;0:00;26,16;14:20;1,14;56,81;5,83;14:11;291,2;22,54;0;0;4,37
01/05/2010;19,53;26,8;11:20;12,08;3:10;66,98;95,9;23:00;31,91;12:00;1,74;99;5,77;13:06;197,1;27,42;0;0;5,25
02/05/2010;17,21;24,31;12:20;11,47;4:50;78,2;98,3;5:50;43,07;13:10;1,55;154,5;6,17;13:34;169,9;25,77;0;0;4,51
03/05/2010;17,48;23,65;11:40;10,52;21:40;55,51;94,7;5:30;19,21;14:50;2,58;295,4;10,2;15:22;354,5;22,76;0;0;5,09
04/05/2010;13,2;18,27;13:40;7,02;4:10;37;71,3;4:00;23,01;13:40;3,2;328,2;9,82;8:25;327,1;26,97;0;0;5,05
05/05/2010;13,13;19,6;13:50;6,28;23:20;45,77;84,8;23:30;26,31;14:00;2,46;297;7,12;14:33;164,3;24,48;0;0;4,53
06/05/2010;14,34;20,81;12:10;5,88;1:00;54,89;89,9;1:20;23,88;10:10;1,53;157,4;7,77;13:11;185,9;26,26;0;0;4,43
07/05/2010;15,96;21,28;12:30;8,84;5:00;66,72;94,8;5:20;38,16;16:50;1,51;161,8;5,85;12:47;154,5;26,17;0;0;4,35
08/05/2010;15,82;23,56;15:10;7,64;4:40;62,16;95,5;5:20;26,45;13:30;1,66;158,5;7,39;11:04;165,9;29,05;0;0;5,03
09/05/2010;18,04;27,21;14:40;9,05;1:50;58,83;95,7;2:40;30,29;16:00;2,15;158,5;9,49;16:14;289,8;26,72;0;0;5,48
10/05/2010;18,6;25,05;13:20;12,49;0:50;49,76;75,8;0:50;30,77;13:20;1,73;149,3;6,84;12:30;151,3;26,45;0;0;5,17
11/05/2010;18,61;24,05;13:30;11;5:10;48,9;79,6;5:20;31,72;16:10;1,58;157,8;7,62;16:29;277,4;23,18;0;0;4,58
12/05/2010;16,87;22,52;16:40;;15:48;42,28;65,7;23:30;;15:48;1,92;262;7,39;16:18;276;2,77;0;;
13/05/2010;14,73;20,48;11:10;7,97;4:30;50,96;79,2;4:30;30,31;11:00;1,85;142,8;6,77;15:12;174,4;22,06;0;0;4,21
14/05/2010;13,46;18,34;14:30;7,83;1:40;49,3;74,5;3:10;24,56;16:10;2,43;294,5;9,58;16:12;331,5;21,09;1,6;0;4,31
15/05/2010;16,53;23,29;15:10;8,24;4:00;41,72;76,4;4:00;22,45;16:10;1,92;294,3;6,32;14:36;334,5;25,73;0;0;5,06
16/05/2010;15,61;22,63;12:00;8,31;2:10;41,53;62,61;2:40;23,06;12:00;1,69;147,8;6,45;12:23;204,7;30,08;0;0;5,32
17/05/2010;15,95;25,65;13:20;6,22;5:00;54,27;85,6;0:00;24,82;11:40;1,59;93;6,56;14:31;132,8;30,18;0;0;5,43
18/05/2010;16,99;26,32;15:10;8,31;3:30;57,04;91,2;3:40;27,19;11:50;1,44;89,7;6,08;16:56;241,7;30,4;0;0;5,43
19/05/2010;18,87;28,54;14:40;8,1;3:30;49,52;86,7;4:00;17,71;15:30;1,66;181,1;6,92;17:47;36,77;30,16;0;0;6
20/05/2010;16,88;22,9;13:30;10,4;0:40;55,7;90,2;3:50;28,75;12:20;1,83;104,2;7,76;11:26;155,3;29,29;0;0;5,2
21/05/2010;17,62;25,92;15:10;8,58;3:20;47,31;77,2;3:20;23,33;14:40;1,83;78;6,53;14:17;137,5;30,44;0;0;5,8
22/05/2010;17,89;25,31;13:20;9,86;5:10;48,65;71,7;23:50;29,68;12:50;1,67;96,7;8,22;13:15;139,4;29,88;0;0;5,55
23/05/2010;18,68;25,25;13:40;11,68;0:30;48,82;75,6;22:50;24,88;13:40;1,59;133,8;7,7;11:50;216,5;25,82;0;0;5,17
24/05/2010;18,51;25,58;13:40;11,68;2:10;49,63;86,5;1:00;22,38;14:00;1,5;135,5;6,07;15:05;125,9;29,01;0;0;5,45
25/05/2010;19,23;28,13;12:50;10,73;1:10;47,51;70,3;1:10;23,19;12:40;1,46;127,4;5,69;16:18;107,8;28,08;0;0;5,64
26/05/2010;21,81;29,89;12:40;12,69;3:20;43,18;68,81;2:50;24,81;11:40;1,36;152,9;5,98;14:14;179,2;30,21;0;0;6,05
27/05/2010;21,04;28,34;12:20;13,77;5:30;52,59;79,6;21:50;27,51;11:30;1,66;124,6;7,17;17:23;93,7;25,38;0;0;5,5
28/05/2010;16,47;23,44;10:20;13,5;4:40;77,5;94,7;13:40;42,68;10:10;1,15;77,5;8,14;13:03;312,3;9,63;23,2;14,33;2,58
29/05/2010;18,48;24,04;11:50;11,34;4:50;68,89;96,1;1:40;43,56;11:40;1,49;168,8;5,62;13:51;208,1;28,38;0,2;0;4,95
30/05/2010;22,86;30,63;13:10;13,16;3:10;51,06;93;3:20;24,74;12:40;1,32;142,7;5,37;13:48;147,6;30,61;0;0;6,1
31/05/2010;26,19;34,12;13:10;16,46;3:50;42,58;82;3:40;20,27;13:20;1,64;143,3;6,19;17:05;176,4;30,75;0;0;6,98
01/06/2010;27,18;34,19;11:40;19,22;4:30;41,1;67;4:30;21,82;11:40;1,56;123,1;5,89;14:37;206,5;30,35;0;0;6,99
02/06/2010;24,18;30,7;13:10;17,8;5:10;56,6;80,1;5:30;38,39;13:30;1,42;30,69;5,17;10:11;18,91;21,46;0;0;5,03
03/06/2010;22,99;29,62;12:20;16,8;4:40;61,36;92,3;23:50;36,44;11:00;1,69;187,9;7,59;18:55;44,74;28,44;0,8;0;5,92
04/06/2010;24,43;31,28;15:20;17,6;2:00;63,92;91,5;2:00;35,76;11:30;1,51;10,04;5,25;12:31;109,6;29,1;0;0;6,14
05/06/2010;23,7;31,83;13:30;17,19;3:50;60,47;94,4;5:10;28,93;16:50;1,28;126,8;7,06;12:32;128,5;28,68;0;0;6,02
06/06/2010;23,89;31,71;13:40;15,99;3:50;51,79;85,4;0:00;23,6;9:40;1,96;113;7,17;16:47;131,7;30,44;0;0;6,85
07/06/2010;22,35;28,2;14:30;16,6;5:20;68,52;92,1;3:40;44,08;18:30;1,42;55,77;7,37;14:23;33,5;26,06;0;0;5,23
08/06/2010;23,67;30,56;13:00;15,45;3:50;59,28;90,9;5:10;28,12;16:40;1,46;182,9;6,12;14:17;236,7;29,96;0;0;6,18
09/06/2010;23,55;28;13:30;19,02;5:20;54,57;81,5;5:30;36,09;12:20;1,31;199,3;5,2;21:53;13,74;20,72;0;0;4,69
10/06/2010;21,84;27,81;13:30;15,24;5:40;41,75;74,1;5:40;19,54;13:20;1,97;185,1;7,42;16:07;186,5;30,41;0;0;6,48
11/06/2010;21,05;26,52;15:30;14,98;4:50;39,09;65,81;5:10;21,43;15:40;1,66;344,3;7,05;16:35;304;30,59;0;0;6,14
12/06/2010;19,43;25,72;11:30;13,9;5:20;53,3;88,9;20:00;29,68;11:30;1,64;154,2;7,8;14:22;131,9;27,5;1;0;5,39
13/06/2010;19,08;24,84;15:00;14,77;4:20;63,58;91,9;3:30;34,28;15:10;1,36;117;6,14;16:26;190,2;18,11;0,4;0;3,98
14/06/2010;17,64;23,17;15:00;14,23;5:20;80,7;96,3;5:40;56,34;13:50;0,95;105,8;6;15:21;146,4;14,49;7,8;4,03;2,92
15/06/2010;16,98;23,85;12:10;14,24;23:50;87,4;97,3;23:20;47,54;12:20;1,1;51,15;8,35;12:48;249,8;16,23;13,8;8,29;3,3
16/06/2010;17,11;23,51;14:20;13,36;0:00;76,5;97;0:00;44,42;15:40;1,49;174,2;5,88;13:37;161,8;23,02;2,4;0;4,27
17/06/2010;19,34;25,99;12:50;12,62;2:00;65,37;97;0:40;34,82;12:30;1,47;123,4;6,6;13:47;253,3;29,66;0,2;0;5,44
18/06/2010;20;25,92;12:40;13,29;3:50;70,9;97,4;4:30;42,39;12:30;1,78;161,6;6,64;13:45;176,6;29,82;0;0;5,5
19/06/2010;22,13;28,55;11:30;15,38;3:50;51,45;93,4;2:40;25,08;11:30;1,62;181,1;6,29;16:18;181,6;28,48;0;0;5,9
20/06/2010;22,7;28,61;11:00;16,53;4:20;51,01;85,6;22:00;30,48;10:50;1,88;122,3;7,57;11:04;160,4;21,23;0;0;5,19
21/06/2010;20,16;25,86;13:40;14,17;5:00;69,18;95,4;5:10;35,43;11:30;1,58;134,7;6,57;12:04;122;30,25;0;0;5,61
22/06/2010;21,8;29,42;12:40;14,04;3:50;66,69;95,5;4:40;27,37;12:00;1,39;194,8;7,15;13:58;210,7;30,45;0;0;6,01
23/06/2010;21,94;29,82;13:40;13,77;4:50;61,32;94,5;4:30;33,05;17:20;1,27;269,6;5,55;17:37;245,6;30,27;0;0;5,9
24/06/2010;22,72;29,96;12:40;14,44;5:10;51,13;94,8;4:40;23,93;14:30;1,78;52,73;6,04;16:13;32,34;29;0;0;6,22
25/06/2010;22,27;29,89;13:40;14,24;4:00;44,55;76,2;3:00;15,07;13:40;1,55;83,5;6,03;13:47;33,21;26,07;0;0;5,91
26/06/2010;22,1;29,21;14:30;13,7;3:40;41,85;67,04;3:40;23,54;20:10;1,66;83,7;5,97;13:26;32,73;29,48;0;0;6,24
27/06/2010;22,29;29,08;12:50;14,38;4:30;43,86;76,1;23:30;21,29;15:20;1,67;65;6,64;11:07;37,54;28,61;0;0;6,14
28/06/2010;23,24;29,82;13:30;17,8;23:50;47,08;72,6;0:00;26,56;13:40;1,69;85,4;6,6;11:11;31,2;27,14;0;0;6,12
29/06/2010;24,01;31,62;14:00;16,26;4:20;42,34;68,79;4:20;23,93;12:00;1,42;116,5;5,57;15:57;141,3;28,23;0;0;6,2
30/06/2010;24,85;31,9;12:20;17,26;0:40;41,05;64,43;23:50;13,92;10:40;1,68;94,5;6,09;12:37;83,5;29,59;0;0;6,81
01/07/2010;25,73;34,05;12:00;17,4;2:50;42,37;70,7;2:50;24,39;17:00;1,49;87,2;6,45;11:56;146,7;29,83;0;0;6,76
02/07/2010;25,01;31,96;13:50;17,33;4:50;46,67;66,51;23:30;28,52;12:20;1,54;86,4;5,46;10:58;122,8;26,45;0;0;6,11
03/07/2010;23,6;28,56;14:10;18,07;5:10;56,68;78,2;0:00;34,55;10:20;1,4;48,19;5,49;8:55;60,69;11,81;0;0;3,65
04/07/2010;25,33;31,96;14:20;18;0:10;48,05;81,8;2:40;21,15;14:10;2,34;51,08;7,73;14:03;86,9;28,6;0;0;7,09
05/07/2010;26,02;32,64;13:30;18,68;2:10;44,74;72,1;23:40;24,2;10:40;1,76;64,84;6,89;14:47;85,9;29,18;0;0;6,8
06/07/2010;25,02;31,77;12:10;17,12;5:10;54,21;83,6;5:10;31,62;17:10;1,57;93,9;6,1;13:18;114,5;29,94;0;0;6,43
07/07/2010;25,49;33,57;16:10;16,8;3:10;51,3;79,8;3:20;28,04;13:10;1,41;86,4;5,88;9:59;90,1;28,84;0;0;6,39
08/07/2010;27,23;35,34;11:00;18,68;5:00;39,96;73,8;5:00;14,59;11:00;1,82;52,08;6,29;16:34;43,17;24,64;0;0;6,75
09/07/2010;27,37;35,87;12:40;19,56;4:00;39,99;69,08;22:50;15,21;10:20;1,56;61,13;6,81;11:24;15,83;27,81;0;0;6,94
10/07/2010;25,85;34,04;13:50;18;4:30;48,77;80,5;23:20;26,37;9:00;1,68;50,18;5,62;15:09;265,8;29,43;0;0;6,82
11/07/2010;26,62;33,43;13:40;19,22;4:10;59,39;82,4;1:20;36,01;11:20;1,42;104,7;7,76;17:47;31,95;28,86;0;0;6,37
12/07/2010;26,62;33,11;11:00;18,88;4:00;55,73;84,5;3:50;27,37;10:30;1,79;200,4;6,17;11:54;226,9;28,78;0;0;6,68
13/07/2010;28,28;36,41;12:10;19,49;4:00;47,89;91,4;23:50;19,39;13:00;1,46;218,2;6,56;13:08;209,9;29,27;0;0;6,92
14/07/2010;28,29;36,26;16:00;19,62;1:40;51,08;92,8;3:00;14,52;17:20;1,42;149,3;6,39;14:24;177,7;29,45;0;0;6,91
15/07/2010;28,83;34,85;11:30;22,11;3:30;44,12;88,9;23:50;20,67;10:20;1,85;129,3;6,14;12:08;150,7;29,16;0;0;7,15
16/07/2010;27,32;33,38;12:20;21,16;1:00;65,63;91,7;2:00;29,8;17:20;1,63;232,3;6,5;14:25;243,6;27,43;0;0;6,38
17/07/2010;26,49;33,1;14:40;19,96;5:00;66,42;89,8;5:10;43,17;15:20;1,57;64,44;5,47;15:43;67,82;27,09;0;0;6,05
18/07/2010;25,93;34,04;14:20;19,83;4:40;68;88,6;4:40;40,74;14:20;1,48;45,84;6,7;13:04;1,92;25,47;0;0;5,88
19/07/2010;26,48;32,9;13:50;19,89;3:50;67,98;93,1;4:30;46,14;16:20;1,52;222,9;6,18;11:56;272,5;28,18;0;0;6,1
20/07/2010;25,75;31,96;14:10;18,88;3:10;69,35;92,8;4:10;45,61;12:10;1,59;297,4;6,04;13:44;186,9;28,3;0;0;6,01
21/07/2010;26,65;35,19;15:10;19,36;5:30;63,26;92,5;5:40;24,66;15:10;1,51;159,4;6,32;13:11;222,9;28,13;0;0;6,58
22/07/2010;26,63;34,65;12:50;19,15;5:10;60,09;89,2;23:50;33,17;16:00;1,72;114,6;6,2;10:59;2,3;27,57;0;0;6,5
23/07/2010;26,44;32,57;13:50;21,3;4:00;70,3;92,9;4:10;42,7;12:20;1,84;64,19;6,25;16:01;119;25,75;0;0;5,94
24/07/2010;25,57;30,61;15:30;21,3;0:00;71,4;87,3;4:20;47,16;16:00;1,49;88,3;5,73;16:30;143,3;15,94;0;0;4,12
25/07/2010;25,34;32,64;12:40;18,54;5:10;69;91,9;4:50;41,42;11:30;1,58;165,4;6,16;13:02;213,9;27,41;0;0;5,97
26/07/2010;24,66;30,83;11:30;18,41;5:10;63,71;90,8;5:20;36,23;10:40;1,59;113,7;9,41;10:44;19,1;22,42;0;0;5,19
27/07/2010;23,98;30,62;13:10;17,53;2:40;64,87;91,2;5:20;43,18;15:50;1,56;106;6,52;11:18;142,7;28,12;0;0;5,78
28/07/2010;24,99;33,04;13:00;17,53;5:00;54,32;83,5;2:10;30,47;13:00;1,66;95,4;6,91;13:31;34,35;28,45;0;0;6,37
29/07/2010;25,63;33,18;13:40;17,26;4:20;58,32;82;5:20;32,16;11:40;1,56;202,7;7,02;14:42;240;25,5;0;0;5,89
30/07/2010;25,12;31,43;12:10;19,69;3:50;70,1;90,6;4:20;43,79;12:10;1,53;79,5;6,43;13:29;137,6;23,43;0;0;5,25
31/07/2010;25,49;32,09;15:00;18,82;5:10;64,72;92,1;4:50;33,85;12:30;1,42;96,2;5,64;12:43;150,4;27,3;0;0;5,87
01/08/2010;26,06;34,72;13:50;18,21;5:30;58,48;88,3;4:20;29,13;11:30;1,6;89,4;6,89;14:03;99,7;27,72;0;0;6,42
02/08/2010;25,91;33,7;14:40;17,87;5:10;63,59;89;23:30;37,49;14:50;1,6;169,3;6,19;14:21;231,5;27,25;0;0;6,1
03/08/2010;25,42;31,1;12:50;20,76;0:00;69,11;88,1;5:30;48,46;12:00;1,74;85,4;6,94;15:17;143,2;21,21;0;0;4,97
04/08/2010;24,87;31,22;13:50;18,68;5:00;65,81;88,7;5:00;43,65;12:30;1,65;201,3;6,12;13:36;189,3;26,61;0;0;5,69
05/08/2010;25,43;32,69;13:50;18,54;4:40;66,62;87,7;4:40;38,84;15:20;1,33;146,6;5,99;18:33;0,19;26,88;0;0;5,74
06/08/2010;24,41;30,16;12:50;18,95;4:50;68,07;85,5;1:20;47,79;12:50;1,74;80,7;6,16;17:37;86,1;21,7;0;0;4,92
07/08/2010;24,71;30,81;15:40;19,02;0:00;58,53;89,6;3:30;34,41;19:40;1,44;71,6;6,04;12:06;93,6;25,69;0;0;5,51
08/08/2010;26,15;33,77;13:30;18,48;0:50;42,12;65,65;2:00;15;16:00;1,36;93,6;6,35;14:57;130,1;23,42;0;0;5,73
09/08/2010;27,52;36,06;13:50;19,41;4:30;44,27;70,8;4:30;15,13;12:20;1,32;74,5;5,83;14:16;80,2;23,5;0;0;5,91
10/08/2010;27,32;35,26;13:30;21,7;0:00;46,56;77,5;0:00;20,55;16:00;1,48;147,3;5,74;12:57;187,2;14,58;1,8;0;4,87
11/08/2010;29,15;39,49;12:30;19,01;4:20;47,33;85,7;4:20;18,23;12:30;1,38;172,5;7,69;16:12;176,1;23,6;0,2;0;6,25
12/08/2010;27,28;34,78;13:00;21,98;5:10;67,23;91,9;5:40;36,35;15:00;1,93;33,68;5,82;13:32;137,3;24,8;0;0;6,17
13/08/2010;23,62;30,5;12:50;17,44;19:50;73,5;95,2;21:10;40,22;11:30;2,26;68,06;8,06;12:18;121,3;17,64;1,8;0;4,71
14/08/2010;22,42;27,34;14:20;18,27;1:30;76,8;95,1;0:00;55,17;14:20;1,61;92,6;7,04;13:21;159,8;17,7;0,4;0;3,82
15/08/2010;24,4;30,88;14:40;19,55;5:50;68,4;97;5:30;28,58;15:30;1,46;158,1;6,29;16:07;123,9;22,6;0;0;5,1
16/08/2010;22,74;28,13;15:30;18,14;4:50;78,2;94,8;5:20;54,35;15:20;1,31;70,4;5,7;13:29;17,96;11,03;0,2;0;2,88
17/08/2010;22,13;26,53;16:20;18,68;6:00;85,5;97,7;7:00;63,62;13:50;1,41;38,47;5,38;15:14;78,5;16,99;30,2;18,58;3,45
18/08/2010;23,72;28,81;13:40;20,09;3:30;78,7;96,7;5:50;54,82;13:20;1,41;197,5;6,46;17:43;183,4;19,96;0;0;4,18
19/08/2010;23,14;28,94;14:00;18,6;5:00;78,4;96;6:40;47,11;15:10;1,21;133,4;5,87;14:21;118,6;19,35;11,2;6,51;4,08
20/08/2010;24,76;31,36;13:20;18,95;2:50;72,8;96,6;3:00;41,16;13:00;1,34;81,6;5,43;14:35;119,5;25,62;0;0;5,27
21/08/2010;25,29;31,62;13:20;19,15;3:20;69,05;92,9;2:10;41,29;12:40;1,27;83,3;5,68;13:32;77,1;25,74;0;0;5,29
22/08/2010;25,36;32,7;12:50;18,75;5:10;67,67;95,2;5:20;32,5;12:50;1,52;191,5;5,95;15:00;235,6;25,73;0;0;5,61
23/08/2010;27,62;36,19;13:00;19,96;3:50;61,54;93;3:50;31,06;23:30;1,14;163,5;5,39;14:03;200,4;25,46;0;0;5,66
24/08/2010;28,51;35,12;14:20;21,98;23:50;39,71;74,3;0:00;23,1;14:40;1,34;111,1;5,47;13:41;142,5;25,72;0;0;5,94
25/08/2010;26,6;34,58;14:40;19,63;5:40;58,29;85,9;22:30;25,27;14:30;1,32;96,1;5,6;12:28;17,37;25,21;0;0;5,68
26/08/2010;27,06;35,39;14:10;18,95;4:00;49,86;89,5;4:10;21,49;13:20;1,39;153,9;5,71;12:06;214,6;25,28;0;0;5,83
27/08/2010;29,71;40,36;12:50;19,22;5:40;41,88;82,6;5:40;14,38;12:30;1,25;140,9;5,75;16:19;172;24,66;0;0;6,15
28/08/2010;28,2;34,32;12:30;23,67;4:30;48,32;;;;;1,86;82,6;6,15;12:24;99,7;23,98;0;0;6,19
29/08/2010;25,02;30,02;14:00;20,62;0:00;70,9;88;0:00;51,36;14:00;1,59;77,7;4,85;16:22;138,4;19,07;0;0;4,3
30/08/2010;24,63;31,63;12:50;18,54;4:40;70,5;92,5;3:50;39,93;13:10;1,35;117,5;5,94;17:43;352,7;23,97;0;0;5
31/08/2010;23,38;28,14;14:10;19,9;2:30;74,4;91,5;5:30;52,47;11:10;1,88;73,6;6,8;15:14;124,6;17,9;0;0;4,02
01/09/2010;23,21;29,14;13:40;19,63;23:40;67,18;87,1;4:50;36,02;14:10;1,59;53,26;5,73;17:07;113;21,98;0;0;4,76
02/09/2010;21,64;27,67;14:50;16,74;5:10;76,1;95,2;0:00;47,25;13:50;0,92;137,2;4,61;15:17;134,6;14,86;4,2;1,2;3,13
03/09/2010;22,17;27,4;13:20;18,54;2:10;80,4;96,9;3:10;57,4;14:10;1,05;131,5;5,23;15:25;129,1;15,1;0;0;3,12
04/09/2010;23,18;30,36;12:20;17,53;2:50;66,51;96,2;3:00;35,42;12:20;1,21;109;9,23;12:30;189,7;22,71;0,2;0;4,57
05/09/2010;24,06;32,84;13:10;17,26;0:30;54,49;82,2;23:00;24,66;16:20;1,28;82,6;6,9;13:15;45,77;23,82;0;0;5,11
06/09/2010;23,99;31,44;12:40;17,07;5:30;57,12;84,9;0:50;31,02;12:10;1,7;184,3;6,14;14:40;210,2;23,55;0;0;5,21
07/09/2010;24,9;32,92;11:50;15,31;5:00;45;85;5:00;20,41;11:30;2,26;260,2;8,52;16:52;310,4;23,88;0;0;6,03
08/09/2010;23,64;28,48;11:10;18,75;5:30;48,93;66,13;5:30;34,88;10:30;1,81;173,5;7,11;12:43;164,3;22,75;0;0;5
09/09/2010;22,45;29,87;14:10;17,08;3:40;48,34;85,6;0:00;19,39;14:50;1,32;124,9;6,05;15:14;179,2;23,93;0;0;4,85
10/09/2010;21,07;28,4;13:40;15,25;5:20;65,8;90,7;1:50;30,82;12:40;1,37;101,2;7,88;13:33;56,91;23,2;0;0;4,49
11/09/2010;20,53;27,73;13:10;14,44;5:00;70,7;90,4;1:30;39,89;12:30;1,48;83,4;5,99;13:35;135,5;21,48;0;0;4,18
12/09/2010;21,83;28,87;13:40;15,52;2:00;68,12;91,5;4:50;43,26;12:20;1,38;71,4;4,74;14:34;90,3;22,72;0;0;4,33
13/09/2010;21,97;29,35;13:30;15,04;5:00;69,89;93,4;6:10;42,72;12:10;1,3;66,7;6,6;13:25;352,6;21,76;0;0;4,19
14/09/2010;22,16;30,07;13:30;15,52;5:50;74,8;93,7;5:40;50,96;12:40;1,22;126,5;6,52;13:25;322,5;22,01;0;0;4,14
15/09/2010;21,66;27,73;14:10;16,6;23:20;65,94;95,4;4:50;41,4;19:00;1,47;196,4;6,89;12:57;233,7;20,94;0;0;4,07
16/09/2010;21,04;26,46;15:20;15,72;1:40;69,22;81,7;23:30;49,02;15:20;0,8;165,4;5,16;17:05;142;7,33;0;0;2,07
17/09/2010;21,12;26,15;15:40;16,85;5:40;77,2;94,8;23:30;53,77;14:00;1,51;186,5;7,86;12:55;241;13,06;6,6;3,12;2,91
18/09/2010;21,29;28,4;13:30;14,43;5:10;64,35;95,3;1:00;35,09;11:40;1,29;135,9;5,5;14:21;193,4;21,58;0;0;4,07
19/09/2010;20,99;27,59;13:00;14,65;4:30;70,9;90,6;2:20;43,4;12:10;1,32;76,3;5,12;16:49;129,3;19,64;0;0;3,74
20/09/2010;19,61;24,86;12:20;17,87;2:20;86,1;;;;;0,96;77,8;9,28;13:01;169,4;7,15;21,4;13,19;1,77
21/09/2010;20,73;26,8;13:30;15,92;5:40;79,6;97,2;5:10;53,28;13:30;1,09;171;5,93;14:09;188,1;19,02;0;0;3,37
22/09/2010;20,48;26,19;13:30;16,06;5:30;80,3;95,8;23:50;55,98;13:40;1,23;88,3;4,91;15:55;139,4;15,1;0;0;2,93
23/09/2010;20,88;25,4;13:10;18,34;2:20;88,4;97,5;5:30;65,27;13:00;0,88;210,5;3,6;14:13;244,3;8;0;0;1,86
24/09/2010;21,83;29,15;13:10;16,46;4:20;58,08;86,8;0:00;29,67;13:10;1,5;134,3;6,05;14:52;207,4;21,41;0;0;4,31
25/09/2010;20,94;27,66;12:00;16,06;0:00;63,65;89,4;0:00;32,17;12:10;1,44;138,2;6,69;12:58;171,4;20,95;0;0;4,02
26/09/2010;19,15;24,23;11:40;13,56;6:20;69,41;91,5;0:30;43,95;11:20;1,49;91,2;6,19;15:36;191,4;17,08;0;0;3,19
27/09/2010;19,41;25,05;13:10;15,52;5:10;76,4;93;5:20;47,4;13:30;1,4;80,1;6,44;14:27;185;17,16;0;0;3,18
28/09/2010;19,75;26,31;13:30;14,17;23:50;73,1;96,3;5:30;28,6;12:00;1,26;135,5;6,1;15:01;136,6;17,6;0,8;0;3,39
29/09/2010;19,97;27,74;12:20;12,42;1:50;57,3;93,8;2:00;26,56;13:10;1,46;155,4;6,4;15:53;187,9;20,17;0;0;3,88
30/09/2010;20,32;29,82;13:10;12,08;6:10;54,58;88,8;6:10;19,06;12:50;1,46;148,5;6,57;15:29;168,1;19,91;0;0;4,16
01/10/2010;20,04;28,94;12:20;13,3;6:10;56,21;78,7;1:00;28,93;11:20;1,28;115,8;5,01;13:48;160,4;19,93;0;0;3,82
02/10/2010;19,68;28,6;13:20;12,15;3:40;67,45;91,5;23:20;36,63;13:10;1,18;92,2;4,63;16:02;224,7;18,99;0;0;3,48
03/10/2010;21,84;29,83;14:40;14,04;6:10;58,78;96,2;6:40;22,85;16:50;2,06;208,7;8,17;15:06;176,5;16,03;0;0;4,25
04/10/2010;21,46;25,78;13:30;15,25;23:40;43,1;60,73;23:40;27,25;13:30;2,3;265,5;8,22;7:51;290,1;13,2;0;0;4,02
05/10/2010;18,49;25,17;13:40;12,83;6:30;54,92;84,6;23:50;33,74;12:40;1,34;107,5;4,71;15:04;235;19,09;0;0;3,34
06/10/2010;19,66;27;12:20;13,09;0:00;63,6;86,4;20:50;29;12:10;1,39;65,26;5,41;15:20;112,6;18,51;0;0;3,51
07/10/2010;20,72;25,32;14:50;16,65;3:50;75,8;89,5;0:00;58,82;13:00;1,14;130,9;4,58;17:08;187,3;9,02;0;0;2,09
08/10/2010;20,71;27,66;15:40;15,72;4:10;80;95,9;6:40;53,74;12:40;0,96;163,8;5,46;15:21;236,4;16,5;0;0;2,85
09/10/2010;19,66;23,98;12:50;16,06;0:00;80,1;94,3;18:30;60,2;14:20;1,42;189,2;10,86;19:45;118,8;10,55;6,8;3,27;2,2
10/10/2010;17,44;22,37;13:30;13,16;23:40;66,75;93,5;0:00;37,74;14:20;1,47;190,1;6;14:00;300,2;12,97;0;0;2,6
11/10/2010;15,75;21,74;14:40;9,86;5:50;66,63;90,8;23:40;39,42;14:40;1,12;89,9;6,92;16:12;20,27;15,6;0,2;0;2,49
12/10/2010;16,85;23,83;12:30;11,54;3:40;66,69;92,5;3:30;34,69;12:30;1,17;94,2;5,33;12:55;210,4;14,59;2,8;0;2,62
13/10/2010;17,91;24,05;13:10;12,89;23:30;68,16;92,2;23:30;42,14;13:00;1,19;109,8;5,07;10:19;355;11,19;0,2;0;2,33
14/10/2010;17,78;24,71;12:50;11,61;5:10;65,55;95,6;2:30;35,64;16:10;1,34;126,5;5,47;14:04;151;15,92;0;0;2,82
15/10/2010;17,72;23,31;12:20;13,43;23:20;69,94;93;23:30;47,01;12:20;1,49;99,1;5,34;15:00;165,5;12,06;0,2;0;2,42
16/10/2010;16,34;22,23;12:10;12,76;5:00;79,8;96;21:20;53,64;12:10;1,25;94,3;4,16;11:37;32,94;11,76;2,2;0;2,1
17/10/2010;15,39;21,28;14:20;9,25;23:10;72,9;92,8;0:40;45,66;14:40;1,15;119,4;4,5;14:34;162,6;11,82;0;0;2,07
18/10/2010;13,39;22,47;14:30;6,15;5:20;50,44;88,2;23:50;13,52;13:10;1,13;130,8;4,54;14:58;96,5;17,86;0;0;2,71
19/10/2010;12,49;21,55;12:40;3,92;5:20;59,49;88,7;5:20;27,93;12:00;1,18;130,9;5,1;14:54;223,9;17,11;0;0;2,5
20/10/2010;13,79;23,02;12:50;7,37;5:20;70,9;94,8;23:20;28,13;12:50;1,2;114,6;5,22;13:57;184,4;16,79;0;0;2,59
21/10/2010;13,2;20,94;16:10;6,42;6:20;75,9;96,4;6:30;48,09;15:40;1,1;83;4,38;16:20;146,7;14,42;0;0;2,05
22/10/2010;14,21;20,87;14:20;8,44;6:40;76;94,1;0:20;51,61;14:30;1,05;79,2;3,76;13:51;17,58;14,72;0;0;2,02
23/10/2010;15,04;20,15;13:40;11,54;23:10;83,3;96,8;23:30;61,23;13:40;0,95;167,1;3,75;15:18;182,2;8,28;0,2;0;1,49
24/10/2010;16,04;24,23;12:40;9,05;6:50;72,9;97,6;3:00;32,79;12:20;1,23;124,1;5,02;15:08;210,1;15,26;0;0;2,49
25/10/2010;17,08;22,77;13:40;10,93;2:10;46,92;90,6;0:20;24,72;22:50;1,61;35,12;6,33;14:04;59,74;12,88;0;0;2,67
26/10/2010;11,6;19,07;15:15;;15:11;63,13;83,9;23:40;;15:11;1,19;180;5,19;15:32;185,3;1,13;0,2;;
27/10/2010;12,65;22,75;13:40;3,25;5:00;53,57;90,2;4:40;18,47;11:20;1,13;119,6;4,37;15:29;224;15,85;0;0;2,41
28/10/2010;13,67;23,83;14:30;5,74;5:50;58,9;87,9;5:50;23,73;11:40;0,91;163,9;4,33;16:16;253,4;12,11;0;0;2,11
29/10/2010;12,88;21,68;14:00;4,73;6:30;64,29;87,8;5:30;40,19;11:20;1,09;165,5;5,23;14:18;176;13,72;0;0;2,01
30/10/2010;15,7;18,88;16:10;10,93;1:30;58,37;84,9;1:30;41,96;11:30;1,41;221,1;6,7;3:38;283,7;3,47;0;0;1,65
31/10/2010;15,53;20,42;12:10;11,61;23:50;59,88;91,6;4:00;33,56;12:10;3,01;253,1;9,89;12:43;248,2;9,86;1;0;2,88
01/11/2010;15,62;21,55;13:40;9,58;1:10;51,74;76,1;2:40;33,01;14:20;2,32;276,3;10,09;19:25;347,1;14,6;0;0;2,94
02/11/2010;15,13;20,67;14:50;8,78;23:20;49,63;75,7;22:40;30,77;14:10;1,83;15,48;7,23;10:23;351,9;14,59;0;0;2,57
03/11/2010;15,21;23,15;14:00;9,46;22:00;57,19;86;21:50;28,74;14:00;1,27;90,8;3,91;15:46;120,6;14,39;0;0;2,32
04/11/2010;14,31;22,35;13:00;7,9;0:50;66,28;86,4;0:50;36,19;11:50;1,37;75,6;5,86;14:24;76,5;13,98;0;0;2,21
05/11/2010;13,84;19,8;13:40;9,19;6:10;74,6;94,4;23:10;53,18;12:40;1,43;63,61;5,96;13:45;34,77;10,52;0;0;1,71
06/11/2010;14,07;21,53;14:30;8,64;23:40;74,4;94,7;23:50;39,23;12:30;1,24;101,3;4,31;15:58;220,8;13,53;0;0;1,96
07/11/2010;15,25;22,83;14:30;8,58;1:20;55,62;93,6;1:20;28,67;15:20;1,09;83,1;4,2;15:17;351,8;11,07;0;0;1,95
08/11/2010;15,19;20,62;12:10;8,92;4:40;50,77;75;4:20;29,16;12:00;4,02;235,4;11,32;23:12;236,2;10,81;0;0;3,64
09/11/2010;16,68;20,5;10:10;11,81;21:20;50,02;68,76;13:30;39,73;17:20;4,85;258,7;13,22;8:40;259,8;7,08;0;0;3,66
10/11/2010;12,93;18,59;12:30;6,89;23:40;48,2;69,73;23:40;31,6;11:40;2,21;260,9;10,09;1:37;257,8;10,38;0;0;2,47
11/11/2010;10,65;19,2;12:10;3,65;4:00;63,48;83,2;20:20;25,64;12:10;1,58;149,3;6,95;13:10;188,8;12,95;0;0;2,15
12/11/2010;13,77;22,9;12:40;6;6:40;50,64;82;1:30;25,5;12:40;1,25;104,7;4,21;14:14;244,4;12,63;0;0;2,12
13/11/2010;14,15;23,08;13:30;7,09;6:40;57,05;79,9;22:40;30,16;13:40;1,21;117,7;4,49;14:45;228,7;12,7;0;0;2,04
14/11/2010;13,56;21,68;14:30;6,49;3:00;64,89;88,3;3:10;34,56;14:30;0,96;117,4;3,49;22:23;222;12,42;0;0;1,66
15/11/2010;13,44;17,58;14:30;7,29;22:30;42,03;70,1;0:20;20,3;14:10;1,96;301,5;7,32;11:55;323,8;12,94;0;0;2,32
16/11/2010;11,07;18,32;12:40;5,54;22:30;53,36;83,8;22:50;22,26;12:50;1,35;124,4;5,21;14:27;178,5;12,44;0;0;1,88
17/11/2010;8,4;11,34;16:30;5,47;4:10;73,9;93;17:50;49,27;5:10;0,77;132,9;3,18;19:11;308,6;2,11;1,4;0;0,87
18/11/2010;9,86;17,78;14:30;3,86;23:30;61,65;93;23:40;28,08;14:20;1,11;121,2;4,26;12:05;2,88;12,33;0,2;0;1,55
19/11/2010;8,31;15,03;14:30;4,12;23:00;74;96,7;23:50;57,7;12:10;0,93;104,5;3,51;15:32;178,8;6,35;0;0;0,99
20/11/2010;10,55;21,49;13:00;1,49;6:30;77,2;98,7;5:10;34,1;11:50;1,2;194,4;6,14;14:12;229,1;10,23;0;0;1,72
21/11/2010;11,06;15,5;12:50;6,76;5:10;56,37;74,5;5:10;38,26;9:30;2,14;251,1;7,62;12:57;312,3;11,19;0;0;1,94
22/11/2010;10,12;16,5;14:20;4,87;22:10;52,71;73;0:50;31,33;14:20;1,58;317,4;6,08;14:15;261;11,91;0;0;1,78
23/11/2010;9,54;15,84;15:10;3,86;4:20;62,85;77,6;4:20;35,48;13:30;0,84;149,4;4,58;15:25;176,9;6,89;0;0;1,2
24/11/2010;11,63;15,91;14:20;8,31;7:10;83,5;98,3;0:00;61,77;12:20;0,62;5,38;2,7;12:26;330,8;8,59;13,4;7,97;0,92
25/11/2010;11,85;14,16;13:50;10,52;7:30;93,7;98,7;2:00;81;14:10;1,01;6,82;3,94;14:06;235,7;3,98;0;0;0,73
26/11/2010;9,76;11,4;12:50;6,96;0:00;71,2;97,7;1:10;47,41;12:20;0,91;36,09;4,08;5:06;306,4;4;1;0;0,91
27/11/2010;6,98;8,1;12:00;6,15;6:00;95,2;98,7;23:50;88,9;0:00;1,43;33,28;3,72;16:15;10,39;1,43;24,4;15;0,51
28/11/2010;8,84;14,69;13:20;3,72;7:10;69,08;98,6;0:00;39,7;18:30;1,42;204,7;5,83;13:21;263,4;10,99;2;0;1,3
29/11/2010;5,21;6,97;1:20;4,26;13:50;89,2;98,6;21:20;56,25;1:30;1,1;25,44;4,13;12:32;339;1,19;12,4;7,29;0,74
30/11/2010;8,11;10,42;22:20;5,61;0:00;93,9;98,7;20:40;65,19;22:20;1;68,89;6,29;22:18;247,4;1,65;3,6;0,69;0,73
01/12/2010;9,6;14,64;14:20;4,59;5:00;60,6;82,3;23:50;42,52;14:40;1,99;205,9;11,35;13:14;267,7;10,02;0;0;1,58
02/12/2010;7,97;13,69;14:10;1,76;23:40;63,59;92,8;2:40;32,3;14:40;1,5;217,5;8,87;15:07;292,6;8,47;0;0;1,37
03/12/2010;5,43;10,72;14:20;-0,26;3:00;55,1;88,3;3:00;30,41;16:00;1,9;11,23;9,05;10:30;322,8;10,84;0;0;1,42
04/12/2010;4,08;10,78;14:20;-0,94;3:00;62,16;83,5;20:50;36,91;11:20;0,95;80;3,41;4:18;83,1;10,83;0;0;0,95
05/12/2010;7,94;14,37;14:10;3,51;7:40;77;94,9;20:50;60,82;11:20;0,99;94;3,13;20:50;137;7,44;0;0;0,89
06/12/2010;14,52;22,64;12:30;6,89;1:10;77,2;95,6;22:30;51,54;12:50;1,48;195,3;5,9;14:46;186,3;8,08;0;0;1,54
07/12/2010;14,66;23,51;14:10;7,83;6:20;76;96,7;6:30;43,35;13:50;1,21;115,1;4,86;13:09;179,7;10,28;0;0;1,55
08/12/2010;16,07;22,52;11:20;10,87;7:00;72,4;95,3;23:00;46,75;11:10;1,34;175,3;7,36;1:13;223,4;9,63;0,2;0;1,52
09/12/2010;15,04;22,77;14:40;10,39;2:50;78,1;96;23:40;53,64;11:50;1;64,27;3,33;21:46;70,3;9,94;0;0;1,28
10/12/2010;11,39;13,17;4:30;6,55;23:10;94,9;98,4;10:10;88,1;4:30;1,45;51,52;5,12;4:54;43,57;1,54;1;0;0,59
11/12/2010;8,29;14,35;14:00;4,32;6:20;88,3;99,1;3:10;58,75;13:30;0,82;95,9;3,41;12:34;4,13;7,91;0,2;0;0,81
12/12/2010;9,76;18,66;14:20;3,39;4:10;76,4;97,1;2:30;39,05;12:30;0,7;115,7;2,57;22:16;112,4;7,86;0;0;1,02
13/12/2010;11,32;14,37;15:30;7,64;21:50;80,5;96,8;22:50;62,46;0:00;1,26;72,4;4,76;7:47;46,95;6,07;0;0;0,92
14/12/2010;11,19;17,25;14:00;7,97;4:10;88,5;97,2;5:30;58,06;14:20;0,68;48,91;2,67;16:40;147,9;5,98;2,6;0;0,85
15/12/2010;6,14;;;;;56,34;98,4;3:00;28,65;15:20;2,03;32,67;8,17;11:01;353,7;10,69;0;0;1,31
16/12/2010;1,94;7,75;15:00;-3,22;0:00;59,34;90,1;22:40;36,05;10:30;1,32;100,9;6,75;11:42;322;10,58;0;0;0,94
17/12/2010;3,67;12,14;12:40;-4,51;4:40;67,99;95,6;5:00;34,67;12:30;0,97;134,2;5,41;12:37;246,9;9,01;0;0;0,96
18/12/2010;8,6;12,91;0:50;6,15;6:50;82,2;;;;;0,84;359,9;3,7;0:30;210,9;2,33;3,4;0,52;0,95
19/12/2010;10,75;15,79;17:50;7,23;0:00;90,3;99,1;11:20;64,35;20:50;0,67;49,44;4,08;17:43;221,6;3,62;5,6;2,33;0,75
20/12/2010;9,81;14,15;13:50;;10:01;74,1;95;22:10;;10:01;0,83;80;3,29;15:52;250;8,12;0;;
21/12/2010;9,88;15,54;12:30;6,89;0:10;93,1;98,1;8:10;73,5;12:20;1,1;180,8;5,61;14:09;192,5;4,23;4,6;1,52;0,77
22/12/2010;12,34;15,18;15:10;;9:19;77,1;93,2;23:50;;9:19;2,55;189,9;6,83;14:50;220,2;5,14;0,2;;
23/12/2010;10,09;15,38;10:50;6,69;1:30;67,47;96;3:40;45,09;15:10;3,23;253,4;11,6;15:40;291,6;9,48;0;0;1,82
24/12/2010;6,36;10,32;13:00;2,24;20:10;55,9;74,4;7:30;34,2;13:00;2,28;286,4;7,26;0:40;268,6;9,1;0;0;1,56
25/12/2010;7,13;12,74;14:10;3,32;6:40;47,33;64,8;0:00;24,17;12:40;1,45;38,84;5,93;12:44;322,3;8,71;0;0;1,5
26/12/2010;3,8;12,54;15:00;-2,35;7:50;57,19;92,2;23:40;24,04;14:50;0,95;121,5;4,13;4:21;10,3;10,83;0;0;1,02
27/12/2010;4,01;13,08;13:10;-3,16;4:30;75,6;97,8;22:50;40,85;11:00;1,18;162;4,64;13:48;214,3;10,59;0;0;1,04
28/12/2010;5,57;15,3;14:30;-1,27;7:10;80,9;99;2:10;38,11;14:00;0,71;111,4;2,52;11:16;38,38;8,73;0;0;0,9
29/12/2010;6,39;13,08;14:40;2,85;5:40;82,2;96,6;22:00;49,22;14:50;0,97;74,7;4,43;14:58;54,8;8,17;0;0;0,9
30/12/2010;8,05;13,01;13:20;4,87;22:00;83,7;96;22:30;63,58;13:10;0,96;92,8;2,98;13:57;18,46;6,34;0;0;0,8
31/12/2010;9,62;14,82;15:20;5,88;4:20;90,8;98,1;0:00;68,49;13:40;0,65;95,8;3,7;14:40;185,3;7,34;6,6;3,1;0,73
01/01/2011;11,28;16,31;13:50;7,9;7:50;88,4;98,9;6:00;56,79;13:50;0,72;106,1;3,98;14:23;28,64;7,25;3,8;0,86;0,87
02/01/2011;10,36;16,04;13:10;6,21;23:10;74,5;97,4;2:10;42,84;13:10;1,05;93,4;4,73;13:48;309,7;7,7;0;0;1,11
03/01/2011;8,83;16,24;13:10;5,28;3:30;73,8;95,6;0:00;37,02;13:00;1,27;114,5;5,48;15:06;183,5;10,39;0;0;1,3
04/01/2011;7,52;13,89;14:10;1,7;6:30;85;98,3;7:00;54,97;13:40;1,03;155;5,12;14:30;248,7;9,33;0,2;0;0,92
05/01/2011;9,85;16,45;13:10;3,52;3:10;80;97,5;0:50;52,66;11:20;1,12;146,5;3,82;14:46;254,8;7,98;0;0;1,07
06/01/2011;11,5;18,8;12:00;3,98;7:00;77,2;95,6;7:10;51,9;15:00;1,1;136,8;4,57;13:00;241;9,79;0;0;1,18
07/01/2011;12,21;18,61;13:20;7,43;5:20;70,3;93,5;2:10;38,44;14:30;1,24;173,9;5,88;15:02;275,1;7,2;0;0;1,41
08/01/2011;10,94;19,2;13:10;4,8;7:40;76,3;97;22:40;40,19;13:30;1,13;157,5;4,73;14:13;186,9;10,59;0;0;1,35
09/01/2011;10,94;16,58;14:30;6,29;2:00;70;97,2;0:30;37,43;14:30;1,31;193,2;4,83;7:22;338,1;7,64;0;0;1,36
10/01/2011;8,95;16,24;15:10;3,38;0:00;68,12;92,3;22:40;35,19;15:10;1,16;119,9;3,89;15:53;182,7;11,01;0;0;1,31
11/01/2011;10,8;18,53;12:20;3,25;0:10;68,68;91,3;0:00;45,47;13:40;1,38;138,7;6,88;14:27;302,8;8,27;0;0;1,44
12/01/2011;12,82;19,79;14:10;5,82;23:40;62,31;90,6;23:50;35,25;13:40;1,41;120,9;6,12;7:16;250;10,57;0;0;1,66
13/01/2011;10,48;19,2;12:50;3,66;7:20;72,6;95,6;8:00;38,43;12:40;1,2;134,2;5,14;13:27;182,7;11,12;0;0;1,47
14/01/2011;10,49;21,01;15:20;3,66;3:10;74;95,4;3:20;37,28;13:00;0,95;88,4;2,98;8:48;27,91;11,24;0;0;1,43
15/01/2011;11,26;18,73;14:30;5,94;1:30;74,5;98,4;23:40;43,17;14:30;1,44;54,5;5,9;13:35;9,42;11,14;0;0;1,53
16/01/2011;8,54;15,82;15:20;3,38;7:00;86,2;98,8;23:50;61,57;14:40;0,97;126,8;3,39;16:10;244,8;10,96;0;0;1,02
17/01/2011;9,22;17,04;13:30;2,04;6:50;85,9;100;6:50;54,8;13:30;0,97;111,5;3,78;14:21;260,3;11,15;0,2;0;1,13
18/01/2011;9,48;11,67;14:40;;9:26;79,5;87,5;23:50;;9:26;1,02;42,61;3,4;15:55;19,23;5,53;0;;
19/01/2011;9,66;12,68;15:50;6,89;23:50;80,3;95,8;0:00;63,11;15:40;0,89;67,12;3,64;11:42;2,69;5,52;0;0;0,87
20/01/2011;8,2;15,15;14:30;4,13;4:10;83,3;97,6;6:30;42,84;13:10;0,99;117,4;6,64;14:44;77,3;10,66;0;0;1,2
21/01/2011;5,24;10,91;13:40;-0,93;0:00;71;98,8;4:00;29,6;16:20;1,36;88,6;5,2;14:44;93,9;11,16;0,2;0;1,29
22/01/2011;2,1;8,69;14:40;-2,88;3:10;58,16;88,5;23:40;30,95;13:20;1,3;86,3;4,25;13:00;52,89;11,41;0;0;1,2
23/01/2011;2,48;5,74;13:10;-1,88;5:10;80,2;92,5;22:10;53,54;11:40;1,38;56,93;5,54;12:35;2,89;3,75;1,2;0;0,85
24/01/2011;5,49;6,89;14:00;4,26;0:00;73,4;88,7;0:00;62,61;17:20;2,09;45,95;5,69;12:32;47,05;2,96;0;0;0,97
25/01/2011;5,89;6,48;14:30;;12:20;84,7;92,1;22:20;;12:20;1,08;21,81;2,94;14:26;46,76;0,63;0;;
26/01/2011;6,69;10,39;13:00;5,14;6:20;90,4;97,8;23:50;69,69;14:10;1,49;40,5;6,68;12:01;65,71;4,86;12,6;7,43;0,86
27/01/2011;7,18;11,2;15:40;5,34;21:40;88,8;97,9;0:10;63,52;15:50;1,22;18,45;4,81;11:01;333,4;5,67;8,2;4,31;0,93
28/01/2011;8,05;13,08;13:10;4,46;7:20;87,1;96,5;22:10;68,99;13:00;0,94;75,5;3,35;16:30;181,7;7,72;0;0;0,94
29/01/2011;9,08;14,44;13:40;4,39;7:10;63,98;83,8;7:10;40,62;14:20;1,87;226,2;7,22;13:16;230,1;11,06;0;0;1,75
30/01/2011;6,68;12,93;13:40;0,68;6:20;75,5;95;6:10;41,77;12:00;1,18;110,8;5,49;14:54;210,4;12,35;0,6;0;1,34
31/01/2011;5,86;10,79;14:20;2,04;23:30;74,2;93,3;5:20;48,41;15:10;1,63;70,5;6,27;15:43;324,8;12,27;4,4;1,36;1,35
01/02/2011;6,09;12,33;14:20;1,77;7:00;65,4;83;7:30;38,78;14:30;1,46;93,3;5,95;11:23;335,4;11,58;0;0;1,53
02/02/2011;7,39;15,43;14:50;2,58;5:00;57,98;79,1;19:10;26,6;14:40;1,23;135,7;4,71;8:57;349,9;13,2;0;0;1,76
03/02/2011;7,54;15,5;14:50;1,3;23:50;59,64;92,5;21:40;28,22;14:40;1,3;115,3;4,16;1:10;335,3;13,92;0;0;1,76
04/02/2011;7,71;17,38;13:20;-0,33;7:40;58,46;90;0:30;27,28;11:40;1,21;136,8;4,64;14:35;202,8;14,08;0;0;1,85
05/02/2011;8,16;17,78;13:10;0,35;3:00;64,2;90,5;3:10;32,07;13:00;1,17;124,5;4,07;14:13;219,4;14,14;0;0;1,82
06/02/2011;8,64;19,27;14:30;1,23;5:40;63,69;91,5;2:50;21,92;14:20;1,09;89,4;4,2;14:11;22,48;14,24;0;0;1,97
07/02/2011;7,92;16,5;14:50;1,7;7:30;69,01;97,2;23:30;37,24;11:20;0,99;90,6;4,83;15:18;4,61;14,02;0;0;1,61
08/02/2011;7,1;15,49;14:10;-0,2;6:10;83,1;97,5;3:10;53,46;14:20;0,88;152,8;3,98;14:54;182,7;13,09;0;0;1,37
09/02/2011;8,69;17,04;14:50;1,83;6:50;84;99,8;6:50;44,32;14:40;0,98;121,2;4,91;15:43;235,9;13,63;0;0;1,59
10/02/2011;7,43;14,68;15:10;2,5;2:20;85,5;98,2;0:50;58;16:10;1,06;53,05;3,49;10:56;11,83;12,63;0;0;1,38
11/02/2011;6,92;15,7;13:50;0,28;7:10;83;98,4;2:40;53,54;13:00;1,15;176,6;5,24;13:50;236;14,37;0,2;0;1,55
12/02/2011;9,94;18,66;13:40;2,51;2:30;67,62;97,5;0:00;30,99;12:50;1,31;128,3;5,3;13:54;240,4;14,71;0;0;2,08
13/02/2011;11,02;18;12:30;3,18;5:30;59,6;87,3;5:30;30,45;12:20;1,68;127,6;6,28;13:37;185,2;14,45;0;0;2,3
14/02/2011;10,58;14,1;13:00;5,68;4:00;49,55;81;4:00;31,75;15:40;2,57;278;8,92;0:28;270;14,01;0,4;0;2,44
15/02/2011;10,45;12,35;17:10;7,83;19:50;68,91;92,3;14:50;49,73;4:30;1,92;231,2;9,94;23:04;228,7;4,57;1,8;0;1,43
16/02/2011;10,41;15,57;13:20;5,47;5:40;53,09;74,5;23:30;31,41;12:50;2,59;227,5;8,7;4:08;303,2;11,64;0;0;2,62
17/02/2011;10,08;14,98;13:50;7,1;6:00;54,86;76,3;18:20;32,77;13:40;3,83;275,9;12,66;14:12;305,7;13,11;0,2;0;3,06
18/02/2011;10,68;16,97;13:30;5,07;7:10;54,33;76,6;21:20;29,43;13:00;1,73;169,4;7,37;0:13;302,6;16,37;0;0;2,5
19/02/2011;10,82;17,19;12:10;5,07;7:00;56,53;82,1;23:40;25,1;12:30;1,05;107,5;4,1;15:27;224,7;11,71;0;0;1,96
20/02/2011;13,34;19,34;13:20;8,85;22:30;62,82;91,9;6:00;35,59;12:40;1,59;37,6;6,64;12:20;314,9;13,39;0,2;0;2,36
21/02/2011;13,36;19,67;15:10;6,42;6:10;52,79;80,4;6:10;29,16;13:40;1,98;250,3;7,31;16:12;272,5;16,52;0;0;2,9
22/02/2011;14,61;21,29;14:10;7,23;7:10;57,9;84,8;7:10;38,09;14:20;1,89;259,4;6,41;12:16;254,9;14,02;0;0;2,71
23/02/2011;14,22;21,08;13:40;6,56;23:40;55,65;87,6;23:50;33,75;12:10;1,78;181,8;6,71;6:53;23,19;15,74;0;0;2,78
24/02/2011;11,63;21,28;13:30;3,8;6:50;71,9;96,5;7:00;34,43;13:10;1,25;142,6;5,32;14:57;219,2;17,1;0;0;2,51
25/02/2011;10,69;18,72;15:20;4,8;3:20;76,8;96,6;23:20;41,94;15:20;1,22;111,7;4,78;10:46;49,79;15,78;0;0;2,19
26/02/2011;14,87;27,13;14:00;4,2;4:00;53,52;95,7;0:40;14,6;13:40;1,09;133,2;4,55;15:15;204,5;16,89;0;0;3,06
27/02/2011;9,31;15,1;16:30;3,19;23:50;61,39;88,6;6:30;38,38;16:30;1,47;75,8;9,01;11:50;340,5;6,65;0;0;1,74
28/02/2011;8,06;15,37;11:30;1,29;7:00;46,72;65,7;7:10;25,92;11:50;2,36;27,91;9,11;12:50;8,65;14,07;0;0;2,85
01/03/2011;6,19;12,79;15:10;-0,06;23:40;53,49;88,8;23:50;27,95;14:50;1,78;49,31;7,28;9:56;321,9;18,47;0;0;2,36
02/03/2011;6,47;14,28;13:40;-0,32;2:00;57,12;88,2;0:20;23,89;12:40;1,38;136,9;8,07;13:38;238,8;17,62;0;0;2,32
03/03/2011;6,77;13,69;13:30;0,01;4:00;70,3;97,5;23:40;40,83;11:10;1,31;70,1;6,68;13:53;203,5;14,49;10,2;5,77;1,91
04/03/2011;7,43;12,49;14:00;3,99;6:30;86,1;98,8;7:00;58,57;15:10;1,53;53,48;5,69;13:10;55,2;13,03;0,4;0;1,67
05/03/2011;8,25;12,14;14:00;3,72;6:30;84,2;97,6;7:20;63,04;13:40;1,62;50,19;5,61;12:51;30,87;10,22;0;0;1,49
06/03/2011;9,07;14,35;13:40;3,78;6:20;78,1;97,2;0:00;52,45;13:00;1,52;58,01;6,01;15:15;90,4;16,96;0;0;2,1
07/03/2011;9,46;14,75;13:00;3,4;6:40;75,6;97,2;0:00;49,29;10:50;2,24;58,97;7,87;12:40;121,2;15,94;0;0;2,28
08/03/2011;10,78;14,18;12:30;9,19;3:10;75,8;83,3;15:30;61,65;4:30;3,83;43,61;8,77;22:01;44,63;5,73;0;0;1,98
09/03/2011;9,46;10,86;15:40;8,1;8:50;83,1;95,7;9:40;76,3;1:50;3,46;48,85;7,89;17:26;97,1;3,71;0,2;0;1,09
10/03/2011;8,4;9,66;11:10;7,57;4:30;91;96,3;6:50;80,2;0:00;2,24;40,41;6,02;1:21;43,49;2,39;7,8;4,01;0,83
11/03/2011;8,58;10,54;20:50;7,57;2:20;96,3;98,2;19:20;93,6;0:50;2,46;41,24;5,27;12:40;25,3;1,28;11,8;6,87;0,54
12/03/2011;11,28;15,91;12:40;6,96;23:00;92,5;98,9;7:00;69,87;14:00;0,92;89,8;3,71;0:25;93,6;7,75;13,6;8,12;1,35
13/03/2011;11,22;18,25;14:10;4,46;5:40;78,6;97,8;0:00;43,91;13:40;1,27;163,5;5,66;17:32;170,1;19,44;0,2;0;2,63
14/03/2011;12,08;16,79;14:00;8,85;4:40;87,1;98,4;0:50;69,65;10:40;1,38;75,1;7,36;18:36;225,7;13,74;4,6;1,53;1,94
15/03/2011;11,91;17,11;14:20;5,61;0:00;74,3;97,9;5:50;42,17;16:10;1,01;204;5,44;15:57;292,1;12,69;1;0;2,07
16/03/2011;11,06;17,73;16:00;3,46;6:10;60,34;88,7;6:00;29,91;16:00;1,8;215,7;6,78;15:14;220,1;20,42;0;0;3,13
17/03/2011;13,77;19,95;14:30;7,36;6:10;57,05;82,6;6:20;34,84;15:00;1,7;348,4;7,19;11:50;306,8;17,75;0;0;3,13
18/03/2011;12,04;20;13:30;5,48;6:10;64,45;93,9;22:30;29,5;12:50;1,46;166,3;6,4;13:55;188,9;21,58;0;0;3,26
19/03/2011;12,87;23,24;13:00;4,33;5:00;66,43;95,4;0:30;28,75;12:50;1,23;133,9;4,49;14:01;202,6;21,53;0;0;3,39
20/03/2011;11,07;18,32;14:00;3,19;5:50;76,3;98,3;5:10;41,9;11:10;1,41;92,4;4,93;14:09;141,8;21,26;0;0;2,92
21/03/2011;10,58;14,77;14:10;7,5;3:20;79,3;95,2;0:20;55,72;12:40;1,65;52,85;5,59;10:31;16,54;13,27;0;0;2,09
22/03/2011;9,86;13,02;14:40;7,91;6:10;75,3;93,6;0:00;55,6;12:00;2,82;51,64;8,31;16:49;89,3;11,71;0,4;0;2,1
23/03/2011;10,8;14,91;14:30;7,23;1:30;91,2;97,6;0:00;75,9;14:20;2,79;43,21;7,96;18:10;70,6;8,21;9,8;5,48;1,5
24/03/2011;11,71;14,64;13:50;9,93;2:10;91,3;97,7;0:20;79,9;15:20;2,87;49,5;7,18;9:24;28,66;8,39;1,8;0;1,44
25/03/2011;12,01;16,18;16:10;7,77;0:00;88,5;97,8;4:30;69,58;16:10;1,57;48,41;4,25;12:12;6,63;10,75;0;0;1,79
26/03/2011;12,11;19,07;13:20;5,95;5:00;85,8;98,4;6:30;55,01;11:40;1,43;197,8;5,39;12:54;224,1;19,74;0;0;2,82
27/03/2011;15,29;21,82;14:00;8,24;6:20;63,5;98,6;7:10;29,63;16:10;1,57;235,9;7,1;14:30;230,5;21,97;0,2;0;3,68
28/03/2011;15,01;21,35;13:50;10,07;22:30;62,49;88,2;23:50;34,43;13:40;1,28;195,6;7,1;12:28;344,4;18,1;0;0;3,2
29/03/2011;13,34;20,28;14:00;8,44;22:40;80;97,6;23:00;48,92;14:00;0,95;152,1;5,47;14:55;142,3;11,05;6,2;2,8;2,13
30/03/2011;14,72;22,5;14:50;8,04;5:30;68,41;96,5;1:00;31,92;14:30;1,69;104,8;6,59;12:34;341,6;22,69;0;0;3,87
31/03/2011;16,01;23,38;13:20;9,05;1:30;62,84;92,8;1:30;38,42;15:20;1,45;134,8;5,81;13:30;234,4;21,61;0;0;3,7
01/04/2011;14,85;23,44;13:20;7,43;6:20;64,78;91,5;5:50;32,13;15:10;1,32;104,8;5,12;13:46;133,5;23,26;0;0;3,84
02/04/2011;16,51;25,79;13:50;9,19;4:10;59,07;81,8;1:50;27,59;13:00;1,39;113,1;5,64;15:28;241,1;19,74;0;0;3,94
03/04/2011;17,66;24,21;12:10;12,35;1:40;70,2;89,9;1:20;37,82;12:00;1,02;78,6;5,56;11:43;92,1;9,47;0;0;2,46
04/04/2011;17,08;23,92;13:20;10,68;22:40;61,28;91,1;23:00;33,13;14:40;1,67;69,01;6,15;12:04;60,32;20,84;0;0;3,97
05/04/2011;14,17;19,48;12:30;9,32;4:10;72,5;95,9;1:30;49,12;14:30;1,73;51,22;5,9;13:39;53,8;13,68;0;0;2,67
06/04/2011;15,65;23,31;14:20;9,33;4:40;58,3;83,2;0:00;33,14;14:50;2,09;50,04;7,79;14:50;84;20,68;0;0;4,17
07/04/2011;15,89;24,39;13:50;6,96;0:00;45,45;78,6;0:50;14,74;15:30;1,64;59,76;6,73;13:07;31,89;22,38;0;0;4,45
08/04/2011;16,48;27,21;13:20;4,93;4:50;42,54;80,9;4:50;13,25;12:00;1,44;167,5;5,83;13:18;248;23,48;0;0;4,67
09/04/2011;22,39;34,67;12:50;9,39;4:00;35,31;71,8;5:00;9,53;12:20;1,45;119,2;5,86;11:59;294,1;24,41;0;0;5,71
10/04/2011;21,52;29,43;12:40;15,72;0:00;43,1;;;;;1,93;79,5;5,9;13:51;128,3;24,02;0;0;5,45
11/04/2011;15,89;21,63;11:40;9,12;0:00;70,9;92,3;22:30;45,66;14:00;1,76;89,3;7,07;13:05;115,1;19,84;0;0;3,55
12/04/2011;15,67;23,71;14:40;8,38;2:20;67,44;95,7;2:30;37,06;14:40;1,33;106,1;5,6;13:39;93,5;20,57;0;0;3,69
13/04/2011;16,15;26,33;13:40;6,49;4:00;58,89;95,3;5:10;19,07;15:30;1,5;178;5,42;11:48;186,9;25,72;0;0;4,77
14/04/2011;16,85;27,01;12:30;7,23;1:00;53,28;92,8;0:00;23,66;12:40;1,62;142,9;6,96;15:05;222,2;25,4;0;0;4,88
15/04/2011;15,61;21,75;11:50;9,32;2:00;75,1;97;5:50;49,78;11:50;1,65;62,63;5,42;12:08;76,9;18,48;0;0;3,31
16/04/2011;14,51;18,07;10:10;8,24;22:50;68,79;90,7;23:00;44,06;15:50;1,99;59,42;6,16;13:32;126,3;12,46;0;0;2,74
17/04/2011;13,26;19,68;13:40;7,64;5:20;63,98;87;0:00;37,55;14:30;1,86;53,46;7,13;17:53;74,4;24,43;0;0;3,97
18/04/2011;12,9;19,81;13:10;7,77;0:10;71,8;96,1;0:00;41,14;13:00;1,55;60,12;7,2;10:37;39,79;20,9;0,8;0;3,45
19/04/2011;12,77;19,07;13:30;7,43;1:00;85,7;97,6;2:20;64,68;13:30;1,21;198,6;5,28;14:09;217,1;14,53;4,4;1,36;2,41
20/04/2011;15,22;20,34;15:40;9,79;5:00;76,5;96,4;6:30;40,73;16:50;2,11;49,58;6,09;15:30;49,76;21,58;0;0;3,83
21/04/2011;14,78;19,07;13:50;10,05;23:50;82,7;96,1;22:40;70,3;13:50;1,51;78,3;5,04;15:03;92,3;12,09;13,2;7,86;2,21
22/04/2011;13,4;20,15;14:40;7,16;4:30;73,8;98,1;5:20;42,02;13:20;1,4;146,4;7,93;15:28;183;17,79;0;0;3,15
23/04/2011;14,12;19,81;13:00;8,31;4:10;73,2;97,4;0:00;43,37;13:00;1,34;116,6;5,89;15:02;131,7;18,55;0;0;3,2
24/04/2011;14,12;17,6;12:40;10,47;1:50;83,9;98,5;7:00;61,25;15:00;1,37;45,22;5,43;14:11;83,5;11,97;1;0;2,23
25/04/2011;14,05;18,33;14:10;9,25;23:40;83;96,5;23:50;63,53;15:00;1,31;36,06;4,73;10:53;58,05;11,77;4;1,03;2,21
26/04/2011;15,54;22,97;12:00;9,53;0:00;73,3;96,7;0:30;34,9;11:30;1,31;125,2;5,73;13:08;317,7;19,46;1,2;0;3,66
27/04/2011;15,78;22,86;15:20;10;4:00;75,5;94,2;22:50;47,42;16:40;1,22;127,1;4,81;12:09;152,6;18,06;7;3,43;3,33
28/04/2011;16,73;24,12;12:50;9,39;5:40;66,1;92,3;0:10;30,77;16:10;1,35;93,6;5,17;13:50;130,6;26,34;0;0;4,58
29/04/2011;13,65;17,12;15:40;10,88;0:20;78,5;94,6;1:20;54,69;16:20;1,38;13,57;4,8;17:40;323,5;6;3,2;0,34;1,74
30/04/2011;13,91;19,4;12:00;10,06;22:00;79,2;97;0:00;47,16;11:40;1,1;150,3;5,71;12:57;142,9;14,95;1;0;2,74
01/05/2011;14,92;20,96;14:40;9,8;0:50;80;98,2;2:30;53,98;15:10;1,85;54,88;6,95;16:59;95;19,92;1,2;0;3,45
02/05/2011;14,82;19,07;14:50;12,35;4:10;88,7;97,6;0:00;72,2;14:10;1,44;25,35;5,45;1:04;46,55;9,77;7,6;3,87;1,96
03/05/2011;17,38;24,12;13:10;12,22;3:30;77,5;98,2;2:40;44,44;12:50;1,18;133;5,17;14:34;239,1;23,54;3,4;0,52;4,12
04/05/2011;18,43;24,79;13:30;11,41;3:10;67,68;95,9;1:20;36,86;12:30;1,38;146,9;5,4;14:24;222,8;23,44;0;0;4,37
05/05/2011;18,25;24,66;13:10;11,61;2:40;68,49;95,2;3:10;36,86;14:20;1,75;89,2;6,01;13:40;126,8;27,76;0;0;5
06/05/2011;17,04;22,5;14:40;12,15;3:40;80,9;97,6;5:00;60,2;14:40;2,27;42,74;6,96;10:41;19,89;20,75;0;0;3,7
07/05/2011;18,01;23,78;10:50;11,21;23:20;64,18;89,7;5:10;29,49;17:00;1,47;4,84;7,99;11:12;239,8;21,15;0;0;4,23
08/05/2011;17,45;26,06;13:40;8,44;5:00;57,54;89,3;5:20;26,58;12:40;1,3;177,2;5,11;14:08;192,4;28,8;0;0;5,11
09/05/2011;18,49;26,6;11:50;9,93;1:10;62,2;92,2;0:00;34,22;11:20;1,52;77,1;5,51;11:13;7,01;28,36;0;0;5,2
10/05/2011;18,9;24,93;14:30;;14:24;56,68;85,8;23:50;;14:24;1,63;66,02;6,01;15:09;99,3;6,64;0;;
11/05/2011;18;25,65;14:10;9,39;2:50;56,06;93,5;1:20;20,15;16:20;1,66;56,15;5,68;9:56;354,3;25,73;0;0;5,11
12/05/2011;18,54;26;15:20;9,66;3:20;48,12;87,6;5:10;25,63;14:30;1,48;49,01;5,03;16:00;37,54;21,73;0;0;4,57
13/05/2011;19,11;26,87;12:40;10,53;1:00;49,78;77,3;5:10;26,71;12:50;1,39;64,16;5,59;14:04;2,02;24,22;0;0;4,91
14/05/2011;21,21;28,89;13:00;11,95;1:20;48,15;80,6;4:50;25,77;18:50;1,57;173,2;6,12;15:06;248,5;28,59;0;0;5,78
15/05/2011;16,85;22,17;10:40;12,02;4:50;78;94,1;5:20;53,15;0:00;1,86;60,82;6,34;15:50;89,2;13,63;0;0;3,04
16/05/2011;16,32;21,36;13:10;11,95;5:00;69,99;94,8;5:40;45,27;10:40;1,52;86,4;5,71;12:48;87,7;19,67;0;0;3,66
17/05/2011;17,23;24,32;12:20;12,15;1:10;63,39;83,5;23:40;38,83;11:10;1,44;81,1;5,81;13:19;88,3;21,68;0;0;4,27
18/05/2011;16,16;20,62;10:30;12,22;2:00;78,3;93,7;2:20;54,6;12:00;1,65;46,06;5,96;16:52;98,6;10,97;0,78;0;2,57
19/05/2011;17,69;22,72;14:40;14,51;5:00;66,11;92;5:10;40,05;14:40;1,91;62,8;6,03;11:36;21,14;16,09;0;0;3,7
20/05/2011;17,39;23,92;12:40;11,55;23:50;67,08;94,3;23:20;40,18;12:40;1,72;71,2;7,32;13:43;71,1;18,56;0,59;0;3,92
21/05/2011;17,99;26,33;13:10;10;1:40;55,34;96;0:30;24,48;13:10;1,75;134,6;6,44;12:25;36,88;29,95;0,2;0;5,65
22/05/2011;18,94;27,41;12:10;8,44;4:20;52,28;92,4;4:40;25,42;11:00;1,49;146,3;5,89;12:07;218,3;29,41;0;0;5,56
23/05/2011;20,77;29,83;13:10;10,74;1:40;40,6;69,64;1:30;18,86;15:40;1,62;171,9;6,27;13:29;190,9;30,02;0;0;6,25
24/05/2011;21,95;31,17;11:50;12,35;2:00;41,81;67,32;2:00;20,62;12:30;1,48;101,6;7,41;11:59;118,5;29,87;0;0;6,28
25/05/2011;24,84;30,7;14:20;;11:50;35,91;66,02;23:40;;11:50;2,12;181,7;6,38;14:03;166,6;15,64;0,2;;
26/05/2011;23,63;31,51;11:00;11,34;5:00;36,71;71,9;1:00;12,57;12:10;1,75;159,7;5,92;13:48;205;22,22;0;0;5,81
27/05/2011;23,53;28,82;14:20;18,34;3:50;48;83,5;23:50;31,71;11:10;1,64;137,4;6,53;15:03;204,5;21,1;0;0;5,04
28/05/2011;21,87;28,55;13:30;14,71;5:00;71;96,8;5:20;45,83;12:30;1,69;53,5;6,97;12:35;68,25;25,29;0;0;5,14
29/05/2011;21,21;29,28;14:30;16,06;1:30;74,8;94,9;5:20;44,69;14:00;1,54;24,81;7,28;16:20;37,91;20,65;0;0;4,58
30/05/2011;21,04;27,67;14:40;14,78;4:50;73,3;95,5;4:00;46,37;14:40;1,7;65,93;6,36;13:29;203,8;20,18;0;0;4,4
31/05/2011;21,31;28,09;11:10;16,67;4:40;65,74;93,6;0:10;37,32;10:30;1,56;127,1;6,48;13:15;187,8;20,29;3,14;0,29;4,6
01/06/2011;18;21,7;10:50;14,77;5:10;85,4;96,9;22:10;66,37;10:50;1,74;50,32;5,83;12:07;20,17;12,9;0;0;2,69
02/06/2011;17,53;22,23;11:10;14,51;3:30;74,1;97,3;3:20;48,23;11:10;1,76;84,3;6,94;12:06;126,6;17,35;0;0;3,55
03/06/2011;16,68;22,31;14:20;10,6;5:00;70,6;93,5;4:00;49,12;14:20;1,35;102,3;5,7;13:04;178,2;16,07;0;0;3,25
04/06/2011;17,05;23,51;12:20;9,39;5:00;65,83;94,3;5:10;33,89;12:10;1,47;113,3;7,1;12:36;169,9;24,64;0;0;4,55
05/06/2011;18,65;26,26;14:50;9,86;5:10;59,66;91,7;4:20;31,44;15:40;1,77;156,2;6,78;14:13;196,6;30,7;0;0;5,72
06/06/2011;18,92;26,08;13:00;12,01;5:10;61,58;92;23:50;36,58;13:20;1,36;161,1;7,99;13:51;209,1;20,47;0,39;0;4,28
07/06/2011;19,11;27;12:50;13,78;3:00;61,51;87,5;1:00;32,72;11:20;1,53;100,4;10,54;14:05;220;20,33;0,59;0;4,57
08/06/2011;20,35;26,33;15:10;14,05;4:20;50,97;85,6;1:00;32,59;15:10;1,86;140,1;8,3;12:33;184,9;25,22;0;0;5,3
09/06/2011;21,84;29,02;13:30;14,38;4:20;47,78;71,9;4:20;26,36;15:10;1,68;132,3;6,45;13:55;192,7;27,18;0;0;5,92
10/06/2011;22,98;28,68;11:30;17,21;2:40;47,34;76,4;5:10;31,03;15:40;1,7;160,2;6,37;13:40;215,6;27,68;0;0;5,95
11/06/2011;21,29;27,47;15:10;14,71;4:30;62,34;82,5;23:50;40,3;14:40;1,85;88;7,64;12:19;26,79;22,69;0;0;5,02
12/06/2011;22,88;31,64;14:50;13,5;4:10;54,82;92,9;4:30;24,4;14:50;1,67;156,3;6,27;12:34;232,3;29,48;0;0;6,39
13/06/2011;25,53;34,05;14:30;14,38;4:00;41,42;70,9;4:20;25,14;10:50;1,6;169,3;6,16;14:00;204,1;29,91;0;0;6,79
14/06/2011;24,38;31,37;14:20;16,8;4:40;59,29;88,7;5:30;39,33;14:20;1,94;75;5,97;17:10;301,9;29,25;0;0;6,37
15/06/2011;24,58;32,91;14:00;15,66;4:50;60,27;92,6;5:00;33,18;15:20;1,6;162,5;6,2;13:27;196,3;29,67;0;0;6,45
16/06/2011;25,75;34,53;13:00;15,65;4:30;49,76;86,7;4:30;21,08;14:10;1,73;183,5;7,76;13:34;216;29,82;0;0;6,99
17/06/2011;25,62;34,53;12:10;15,92;4:50;50,46;75,8;23:30;24,32;13:00;1,8;180,8;7,12;15:05;226,9;30,15;0;0;7,12
18/06/2011;28,47;35,61;11:20;19,36;0:00;34,72;78,5;23:40;17,23;11:20;1,95;104,1;7,22;13:08;175,1;30,23;0;0;7,58
19/06/2011;24,55;31,04;13:50;19,9;23:50;68,09;87,9;3:20;43,19;13:20;2,26;61,37;6,26;13:13;29,66;26,77;0;0;6,17
20/06/2011;24,28;31,98;14:10;17,6;5:00;67,16;89,1;5:20;40,22;11:20;1,74;24,66;6,6;15:42;241,8;27,07;0;0;6,03
21/06/2011;25,18;33,65;13:40;15,99;4:20;60,16;92,1;4:50;34,06;12:30;1,55;124,9;8,5;14:15;110,1;29,29;0;0;6,46
22/06/2011;25,38;34,66;13:40;17,33;3:10;58,34;80,4;3:50;32,65;11:10;1,67;211,8;7,45;13:25;250,7;23,75;0;0;6,05
23/06/2011;25,17;31,58;10:50;17,35;4:10;68,34;89,2;3:30;45,47;15:20;2,07;80;8,18;10:41;90,9;28,49;0;0;6,25
24/06/2011;24,53;29,96;14:30;20,1;23:50;67,35;87,6;5:20;47,45;14:30;2,2;59,16;6,3;12:30;109,8;24,94;0;0;5,68
25/06/2011;24,5;31,38;13:20;17,88;5:20;61,71;91;5:20;38,12;12:20;1,8;62,36;5,62;8:22;14,7;28,84;0;0;6,27
26/06/2011;25,07;33,51;13:50;16,6;3:00;52,27;77,2;4:40;22,98;11:10;1,55;167,1;7,4;16:45;255,1;29;0;0;6,63
27/06/2011;25,47;33,98;13:50;16,6;4:20;55,51;77,7;3:00;28,18;12:30;1,46;204,3;7,93;16:55;232,9;28,87;0;0;6,52
28/06/2011;26,63;36,62;13:40;17,68;4:30;57,28;85,7;4:10;30,61;13:40;2,03;209,6;6,88;14:44;222,2;28,83;0;0;7,31
29/06/2011;26,34;34,8;13:50;18,55;4:20;61,16;82,8;22:00;37,22;6:50;1,97;88,2;8,23;13:55;202,9;26,27;0;0;6,55
30/06/2011;25,02;30,48;15:30;20,64;23:50;69,05;88,8;4:40;50,22;11:10;1,95;58,48;6,14;9:00;32,74;26,64;0;0;5,82
01/07/2011;24,45;32,17;14:00;17,62;4:40;65,45;90,5;23:50;41,7;12:20;1,84;220,7;7,47;14:21;234,7;23,79;0;0;5,62
02/07/2011;26,99;36,47;14:20;18,61;2:50;63,04;98,2;5:30;26,41;13:40;1,79;215,3;6,98;12:20;189,4;27,56;0;0;6,91
03/07/2011;26,29;35,6;12:50;19,9;23:50;62,98;88,8;3:50;25,47;12:10;1,71;80,3;7,93;13:38;203,4;18,21;0;0;5,57
04/07/2011;25,64;32,84;14:30;18,7;5:00;39,3;90,3;0:40;22,1;12:20;1,77;123,8;6,96;13:59;206,7;29,36;0;0;6,77
05/07/2011;26,63;34,12;13:30;18,41;5:10;35,16;54,69;5:10;21,55;15:30;2,09;186,2;7,37;16:15;219,4;29,24;0,39;0;7,46
06/07/2011;28,48;37,55;14:10;17,14;5:10;32,03;59,78;5:20;17,02;14:10;2,31;162,8;8,5;11:46;199,3;29,68;0;0;8,23
07/07/2011;29,54;37,81;13:40;18,41;3:20;28,5;54,28;3:30;12,04;21:20;1,78;112,7;7,04;13:21;194,4;29,89;0;0;7,69
08/07/2011;27,61;33,85;13:30;21,18;4:40;32,2;80,9;23:50;17,91;10:40;1,99;113,6;6,83;14:55;128,1;30,02;0;0;7,37
09/07/2011;26,1;35,33;13:50;17,34;4:50;62,86;89,2;5:00;33,93;11:50;1,7;57,68;7,79;13:47;93,5;24,85;0;0;6,18
10/07/2011;26,53;33,04;15:40;20,03;3:20;63,85;92,3;4:10;30,07;17:20;1,65;212,3;6,65;11:58;236,7;22,75;0;0;5,68
11/07/2011;26,19;34,18;15:10;18,88;4:50;68,9;92,3;0:40;43,64;15:10;1,58;338,5;8,18;12:11;133,3;25,82;0;0;5,94
12/07/2011;27,93;37,82;16:30;22,18;0:30;59,09;89,9;1:20;22,9;16:30;2,52;197,5;9,42;6:01;260,8;16,09;0;0;6,53
13/07/2011;26,17;31,65;13:40;19,29;23:30;40,11;57,66;4:00;24,26;10:40;1,92;151;7,46;11:32;151,4;26,89;0;0;6,62
14/07/2011;23,67;30,23;14:10;16,13;4:40;56,04;77,6;23:50;35,89;14:10;1,74;129,7;6,68;13:47;124,3;23,4;0;0;5,45
15/07/2011;24,18;30,49;13:30;18;4:50;65,63;89,5;2:30;41,5;11:20;1,78;102,1;7,46;14:35;119,6;25,76;0;0;5,67
16/07/2011;25,97;33,65;13:30;17,66;2:10;53,53;89,1;2:20;26,7;17:50;2,12;202,9;7,35;14:03;202,1;28,01;0;0;6,85
17/07/2011;29,39;37,15;18:10;17,94;4:50;43,42;91,8;1:50;12,97;18:10;2,12;187;7,7;12:05;189,4;28,87;0;0;7,66
18/07/2011;25,27;30,3;13:10;19,62;23:40;65,61;90,5;23:50;48;13:10;2,26;131,7;7,57;14:09;134,4;21,34;0;0;5,16
19/07/2011;26;33,85;13:40;15,92;4:50;54,01;96,6;3:40;22,43;11:40;1,78;92,9;6,3;12:18;2,78;28,17;0;0;6,59
20/07/2011;24,98;30,16;13:20;20,43;23:40;62,24;82,3;4:30;36,57;11:10;2,16;63,63;7,18;14:21;126,6;28,24;0;0;6,38
21/07/2011;25,04;33,3;14:10;17,28;5:20;60,45;86,9;5:30;29,67;11:40;1,82;74,5;6;23:50;60,53;27,2;0;0;6,4
22/07/2011;24,24;30,75;14:20;20,17;5:20;66,24;85,8;5:20;40,42;12:40;2,26;84,5;6,34;16:11;135,8;21,91;0;0;5,55
23/07/2011;23,9;30,02;12:20;19,02;3:50;70,7;89,5;4:00;46,3;12:20;1,85;186,1;7,21;13:31;188,7;21,62;0;0;5
24/07/2011;24,78;31,71;11:20;16,67;5:00;67,07;93;5:10;35,08;11:10;1,64;99,9;7,66;14:52;207;21,94;0;0;5,23
25/07/2011;25,52;31,36;13:10;19,63;5:20;62,42;90,1;5:30;36,97;16:10;1,99;200,8;6,94;13:06;225,4;25,99;0;0;5,99
26/07/2011;26,46;34,59;11:20;17,75;5:10;47,11;87,9;4:30;24,53;17:10;1,92;155,6;7,86;14:25;136,1;27,14;0;0;6,7
27/07/2011;25,41;33,04;12:20;17,2;5:10;56,65;82,2;23:00;29,81;11:00;2,48;85;7,64;14:04;127,4;26,65;0;0;6,8
28/07/2011;24,59;29,08;15:10;20,02;3:00;71;87,6;5:50;55,15;15:10;1,85;74,9;5,68;11:27;122,7;14,6;0;0;3,8
29/07/2011;25,17;31,36;14:40;18,61;5:30;68,12;89,7;5:10;47,78;14:40;2,12;201,3;7,61;12:41;223,4;26,45;0;0;5,85
30/07/2011;25,06;31,43;11:30;18,88;2:30;70,1;94,9;4:20;46,29;14:40;1,67;116,2;7,4;12:29;94,4;26,49;0;0;5,65
31/07/2011;25,85;32,97;15:10;20,89;23:40;66,96;87,2;0:50;36,97;18:00;1,78;253,7;7,54;14:18;198,3;24,55;0;0;5,89
01/08/2011;26,15;33,97;15:00;20,29;1:00;62,18;91;1:20;28,38;14:00;2,13;56,7;6,59;15:17;88,4;24,98;0;0;6,46
02/08/2011;25,53;31,28;15:10;19,22;5:20;58,04;86,2;4:20;35,89;10:10;1,86;142,6;7,41;14:41;224,4;24,75;0;0;5,74
03/08/2011;27,55;36;12:10;20,09;2:00;48,38;77,8;23:50;20,27;12:10;1,73;106,5;6,71;12:37;193,2;26,9;0;0;6,82
04/08/2011;26;33,97;15:00;17,87;5:20;65,44;88,3;5:00;39,18;13:10;1,53;181,9;6,69;16:44;193,4;26,35;0;0;5,92
05/08/2011;26,56;33,51;15:20;20,1;5:10;65,16;91,4;5:40;34,32;14:50;2,02;227,1;7,1;15:08;226;24,32;0;0;6,05
06/08/2011;28,13;36,07;12:20;18,95;5:10;50,48;88,2;5:20;23,17;11:30;1,7;172,2;7,3;16:14;197;26,44;0;0;6,55
07/08/2011;30,38;37,81;14:20;21,84;5:10;41,48;68,72;23:10;23,1;12:40;1,9;118,6;7,18;14:34;226,9;27,01;0;0;7,21
08/08/2011;27,8;35,67;10:10;20,03;4:00;55,52;79,8;23:50;19,8;10:00;2,34;96,3;7,55;14:59;118,3;25,94;0;0;7,23
09/08/2011;25,49;30,9;12:20;21,44;23:30;64,49;87,6;4:30;39,06;12:40;2,24;67,77;7,17;13:20;93,7;25,78;0;0;6,01
10/08/2011;24,05;29,01;13:40;19,76;3:40;66,14;84,5;3:50;43,68;10:20;1,96;66,75;6,75;13:06;82,7;22,27;0;0;5,08
11/08/2011;24,38;32,23;15:40;17,8;3:00;66,85;87,6;3:20;40,2;13:20;1,58;336,4;7,8;15:13;309,6;24,44;0;0;5,44
12/08/2011;25,72;35,12;15:20;17,14;5:30;57,08;87,9;2:20;20,81;16:20;1,9;80,7;7,68;14:13;41,25;24,78;0;0;6,43
13/08/2011;25,97;33,11;14:30;18,14;5:10;46,95;86,6;5:30;17,03;9:40;1,76;153,4;7,05;14:03;230,9;26;0;0;6,23
14/08/2011;28,2;36,39;12:20;18,68;3:50;41,99;66,8;3:40;23,31;11:10;1,74;161,2;7,17;13:53;221,2;23,89;0;0;6,35
15/08/2011;28,45;37,34;12:30;19,42;5:10;46,54;72,1;23:50;22,29;16:50;1,55;77,9;6,94;12:42;258;25,68;0;0;6,47
16/08/2011;27,19;35,46;12:40;19,42;5:20;53,26;92;5:00;26,96;17:20;1,55;97,5;6,21;12:30;330,7;25,48;0;0;6,08
17/08/2011;27,57;37;14:10;18,41;3:40;43,74;69,23;20:00;19,12;16:30;1,48;112,8;6,47;14:55;174,5;25,05;0;0;6,27
18/08/2011;27,02;34,25;12:50;19,9;3:30;53,71;72,7;23:40;34,05;13:00;2,16;61,96;7,52;14:52;42,4;24,99;0;0;6,41
19/08/2011;27,44;35,38;14:50;20,77;5:10;56,65;81,4;4:50;33,91;14:40;1,66;59,82;5,68;13:01;134,2;24,14;0;0;5,96
20/08/2011;27,88;36,73;13:40;19,76;5:40;50,34;84,5;3:00;22,36;13:30;1,8;58,99;6,89;13:13;51,32;24,77;0;0;6,48
21/08/2011;27,3;36,2;13:00;19,29;3:40;47,63;81,2;3:20;16,62;12:40;1,72;69,72;6,59;11:14;27,54;24,6;0;0;6,39
22/08/2011;26,43;34,24;13:00;19,36;4:20;58,12;80,5;22:10;28,91;12:50;1,36;74,4;5,46;13:26;118,4;23,3;0;0;5,45
23/08/2011;27,14;35,05;14:00;19,02;4:30;53,05;86,8;4:10;27,16;14:50;1,84;168,4;6,37;13:41;227,9;24,15;0;0;6,07
24/08/2011;27,23;35,87;12:50;18,41;5:40;47,38;74;5:50;23,24;13:10;1,56;157,4;6,24;13:26;216,1;24,64;0;0;6,04
25/08/2011;27,4;35,66;13:50;18,21;5:50;41,28;63,21;5:50;21,08;14:20;1,72;148,6;6,8;12:36;205,7;25,11;0;0;6,31
26/08/2011;28,33;37,15;12:30;18,41;3:10;33,21;64,91;1:20;9,66;12:50;2,17;120,9;8,49;16:50;307,6;25,33;0;0;7,24
27/08/2011;25,18;30,43;13:20;19,42;3:40;49,78;79,2;23:20;30,21;13:40;2,14;84,7;7,47;13:38;101,2;23,3;0;0;5,63
28/08/2011;24,92;31,1;13:20;21,16;4:40;69,4;89,4;23:50;41,63;13:20;1,74;96;5,91;16:59;121,7;17,82;0,2;0;4,49
29/08/2011;24,96;34,05;12:20;18,21;5:50;70,8;92,5;5:50;41,08;12:20;1,46;162,3;6,58;13:42;182,5;17,4;0,2;0;4,44
30/08/2011;26,28;34,26;14:10;19,63;6:00;55,63;84,3;0:40;27,36;14:20;1,45;121,6;7,04;11:40;211,6;20,45;0;0;5,12
31/08/2011;25,57;33,72;13:00;17,66;3:20;43,8;78,8;2:50;19,53;15:40;1,66;141,1;7,68;15:45;203;23,91;0;0;5,75
01/09/2011;25,93;33,04;12:40;19,76;3:40;49,33;78,6;6:20;29,26;13:40;1,68;115,8;6,75;14:48;149,3;23,1;0,2;0;5,51
02/09/2011;19,79;23,73;0:00;15,65;23:50;82,8;97,1;12:30;58,46;0:00;1,21;161,9;4,8;15:53;220,1;6,27;15,48;9,39;1,88
03/09/2011;19,85;26,53;12:40;14,38;6:00;68,8;92;1:00;35,43;13:00;1,26;133,6;6,99;14:18;18,81;20,74;2,74;0;4,01
04/09/2011;22,6;28,54;14:40;16,26;4:30;58;88,4;0:40;34,54;17:10;1,64;136,7;6,24;13:37;176,4;23,73;0;0;4,82
05/09/2011;24,32;30,82;12:00;18,21;3:10;55,19;82,4;23:40;34,2;12:00;1,53;99,1;6,21;14:17;185,4;21,3;0;0;4,77
06/09/2011;23,36;29,28;14:10;18,27;2:10;73,6;96;2:40;48,59;12:40;1,29;86;5,72;15:35;98,2;19,85;0;0;4,04
07/09/2011;24,75;32,43;14:00;17,33;4:50;65,32;96,7;5:30;29,86;16:10;1,46;136,9;6,52;14:12;206,1;22,9;0;0;4,99
08/09/2011;24,39;33,24;14:00;16,74;4:10;52,07;82,2;1:00;21,15;14:10;1,75;159,6;6,38;14:58;224;23,42;0;0;5,59
09/09/2011;25;33,84;13:00;16,67;2:50;40,69;74;1:00;17,91;12:30;1,4;118,8;6;15:14;175,4;23,95;0;0;5,34
10/09/2011;24,12;32,03;14:30;16,47;2:10;46,85;68,9;22:20;24,47;10:10;1,89;159,4;6,27;15:42;234,8;23,41;0;0;5,56
11/09/2011;25,68;34,38;12:40;15,72;5:50;44,11;78,9;5:50;19,26;11:30;1,57;110,8;6,19;14:44;234,4;22,37;0;0;5,35
12/09/2011;25,48;32,16;13:40;19,83;3:30;52,78;88,1;22:50;30,89;9:50;1,68;71,7;7,1;13:55;36,56;22,48;0;0;5,11
13/09/2011;23,3;30,68;13:30;17,14;5:40;70,8;95,7;3:50;42,24;13:00;1,53;83,8;6,26;15:23;97,1;22,07;0;0;4,53
14/09/2011;23,41;30,74;14:40;16,4;4:50;65,38;93,6;1:50;35,69;13:00;1,78;66,38;6,33;11:11;23,04;21,73;0;0;4,73
15/09/2011;22,84;29,69;12:50;17,35;3:40;67,61;91;1:00;41,77;12:20;1,57;96;6,95;13:42;146;21,15;0;0;4,36
16/09/2011;23,32;31,62;14:00;15,86;6:10;71,3;91,9;6:00;37,37;13:40;1,4;185,7;5,64;17:36;210,3;21,39;0;0;4,46
17/09/2011;23,05;29,62;13:00;17,27;5:40;75,8;97;6:00;50,15;14:50;1,68;186,5;6,58;14:52;204,2;20,9;0;0;4,18
18/09/2011;26,13;33,97;13:40;18,82;6:20;44,32;80,4;21:10;20,81;12:30;1,8;82,4;7,44;22:17;102;20,98;0;0;5,34
19/09/2011;22,29;28,12;14:00;17,01;23:50;61,57;83,8;23:30;36,63;14:00;1,47;81,1;6,37;15:34;161,1;19;0;0;3,99
20/09/2011;20,84;27,66;12:50;15,12;2:30;68,77;92,4;2:40;37,92;12:50;1,33;89,5;5,75;16:40;107,3;20,88;0;0;3,92
21/09/2011;21,47;28,87;13:10;15,45;6:00;70,9;88,5;2:00;43,46;13:30;1,34;112,4;7,13;13:45;215,9;18,83;0;0;3,77
22/09/2011;22,82;27,86;12:50;17,87;23:20;72,2;89,3;23:30;54,41;12:50;1,61;216,3;7,67;13:52;223,5;19,75;0,2;0;3,82
23/09/2011;20,59;26,32;12:40;16,4;3:40;78,4;94,2;6:30;47,26;12:30;1,3;170;6,5;13:05;214,2;14,26;3,53;0,63;2,99
24/09/2011;21,28;27,25;13:20;16,66;4:20;63,85;93,5;0:50;38,01;18:00;1,5;172,1;6,33;14:22;197;19,23;0;0;3,79
25/09/2011;20,5;27,27;12:10;14,44;4:10;71,1;92,7;23:40;45,56;12:10;1,57;75,7;6,51;14:44;123,3;16,86;0;0;3,44
26/09/2011;21,42;28,13;13:50;16,13;5:50;73,7;96,3;3:10;41,03;13:20;1,58;55,85;6,62;13:56;45,3;18,33;0;0;3,72
27/09/2011;21,7;27,79;14:20;16,33;6:10;69,17;89,6;0:00;40,89;13:40;1,57;50,55;6,19;13:13;100,4;19,29;0;0;3,82
28/09/2011;21,22;27,32;14:10;16,86;4:30;67,12;87,8;22:40;40,49;14:10;1,46;53,82;6,37;13:05;77,6;16,14;0;0;3,43
29/09/2011;21,5;27,21;14:30;17,53;5:40;67,24;83,2;22:30;45,91;12:40;1,91;57,78;7,23;11:47;26,32;12,58;0;0;3,31
30/09/2011;21,15;26,73;13:50;16,53;6:00;71,1;93,1;23:30;41,99;13:10;1,81;59,58;7,22;15:48;105,3;16,32;0,98;0;3,5
01/10/2011;20,95;26,13;13:50;16,53;4:30;72,7;94,9;2:40;38,47;16:20;1,72;65,34;7,78;13:49;63,75;17,15;0,39;0;3,5
02/10/2011;20,57;27,13;13:30;15,45;6:00;75,7;91,8;1:50;43,67;13:30;1,31;74,7;5,52;12:24;26,79;16,13;0;0;3,17
03/10/2011;20,37;27,12;12:20;15,18;6:00;77,6;94,9;1:10;49,01;11:20;1,39;157,9;5,78;14:54;193,6;18,32;0;0;3,31
04/10/2011;19,76;27,32;13:40;14,51;23:20;75,6;96,7;7:30;37,78;13:00;1;80,4;5,33;12:15;0;18,16;0;0;3,15
05/10/2011;20,05;28,6;13:50;13,91;4:00;50,5;83,8;0:00;26,09;13:00;1,44;88,7;5,32;16:25;116,9;18,95;0;0;3,81
06/10/2011;19,37;28;11:50;11,74;6:10;55,09;79,4;23:50;29,94;12:10;1,36;149,1;6,04;14:04;229,7;18,72;0;0;3,59
07/10/2011;20,4;28,94;14:00;11,81;6:00;64,61;87,9;22:40;30,62;11:20;1,31;62,83;5,83;11:44;9,79;14,8;0;0;3,26
08/10/2011;17,69;23,15;13:50;11,61;5:10;60,71;89,9;23:50;34,01;15:50;1,16;101,6;5,16;11:02;14,21;17,79;0;0;2,88
09/10/2011;17,07;24,32;13:40;11,22;5:40;69,98;93,1;1:10;43,55;11:20;1,08;110,9;5,3;14:10;186,9;15,76;0;0;2,64
10/10/2011;18,31;26,37;13:50;11,68;6:40;69,87;88,8;6:50;42,45;14:10;1,09;53,72;3,85;16:25;242,4;17,82;0;0;2,95
11/10/2011;20,25;29,82;13:30;11,88;2:00;48,63;89,7;2:00;22,64;14:40;1,4;149,6;5,54;15:00;177,9;18,16;0;0;3,69
12/10/2011;21,68;30,95;12:50;12,89;4:10;39,36;60,88;4:10;24,39;12:10;1,35;99,8;5,81;16:13;225,7;17,83;0;0;3,77
13/10/2011;21,12;30,88;11:50;12,15;4:00;39,8;68,53;3:30;22,57;11:50;1,25;143,5;4,71;12:56;205,5;17,93;0;0;3,61
14/10/2011;19,04;27,06;12:30;10,74;6:40;62,43;89,1;23:20;39,42;1:00;1,42;90,6;5,88;15:33;136,8;15,7;0;0;3,01
15/10/2011;19,05;24,91;13:10;14,98;23:40;75,8;94;6:00;49,56;12:00;1,27;110,9;5,8;14:39;119,7;15,46;0;0;2,65
16/10/2011;18,01;24,16;13:10;14,24;6:30;77,9;93;2:20;55,17;12:30;1,28;133,8;6,44;14:57;125,9;12,76;0;0;2,31
17/10/2011;16,2;21,71;12:50;12,29;23:00;75,9;94;2:00;53,59;15:20;1,15;107,7;5,32;15:27;113,6;7,04;0;0;1,7
18/10/2011;16,06;22,82;14:50;11,14;2:00;69,09;88,5;3:30;36,17;12:30;1,18;84,9;6,15;14:44;32,65;15,8;0;0;2,54
19/10/2011;16,6;24,5;13:50;8,78;6:30;69,82;91,6;6:40;39,96;13:40;1,36;139,3;5,42;15:10;223,9;15,96;0;0;2,67
20/10/2011;16,82;22,23;14:30;10,32;4:50;72,9;94,2;22:40;52,69;3:20;1,4;77;6;15:17;126,7;10,7;0;0;2,04
21/10/2011;16,84;23,35;13:30;11,27;5:00;81;98,1;6:20;46,92;13:40;1,28;63,13;6,16;15:46;110,8;13,72;0;0;2,29
22/10/2011;16,57;21,1;14:10;12,62;3:00;78,8;95,8;3:40;49,12;14:00;0,97;70,3;4,44;9:45;45,27;7,3;0;0;1,61
23/10/2011;17,22;23,37;13:40;12,35;6:40;79,3;94,3;7:00;48,68;14:00;1,12;149,8;4,84;12:51;247,9;12,91;0;0;2,14
24/10/2011;14,72;19,35;15:50;10,27;6:20;85,8;98,8;5:10;64,36;16:00;1,63;165,8;7,37;12:23;165,9;5,94;0,59;0;1,44
25/10/2011;14,75;22,34;14:30;7,84;5:10;58,9;95,3;4:40;26,78;13:50;1,15;81,3;5,09;15:54;338;16,23;0;0;2,38
26/10/2011;14,32;20,87;12:10;6,41;6:00;64,91;90,9;23:40;40,24;11:50;1,41;124,8;6,38;13:26;200,3;11,91;0;0;2,12
27/10/2011;14,65;19,14;14:50;10,53;0:40;81,4;95;7:20;63,81;15:50;1,38;176,1;8,43;7:56;176;6,8;2,35;0;1,43
28/10/2011;15,49;20,01;11:20;11,68;6:50;78,4;94,1;19:40;59,55;15:30;1,22;74,2;5,5;11:56;2,98;9,13;0,2;0;1,61
29/10/2011;17,43;21,83;15:20;13,84;1:20;71,7;87,6;1:20;51,01;15:00;1,49;11,57;5,6;8:38;333,1;7,95;0,2;0;1,91
30/10/2011;18,04;22,83;13:30;14,84;5:10;75,1;91,5;23:40;51,27;14:30;1,04;76,7;5,14;12:28;24,88;9,58;0;0;1,8
31/10/2011;16,82;22,61;12:20;12,08;6:50;81,7;97,8;7:30;53,28;12:10;1,06;157,7;4,78;14:08;195,9;14,2;0;0;1,96
01/11/2011;16,69;22,48;12:40;12,49;2:50;81,2;98;3:30;51,59;13:30;1,14;154,5;5,39;14:43;220,6;13,49;0;0;1,95
02/11/2011;15,24;19,08;14:40;11,27;6:20;89,5;98,2;7:00;73,2;14:20;0,6;114,2;2,1;14:44;7,98;5,35;0;0;1,01
03/11/2011;16,95;21,57;13:30;14,24;5:50;80;98,3;6:40;55,35;15:30;2,01;194,8;11,57;11:11;211,5;8,64;2,35;0;1,9
04/11/2011;13,57;16,07;12:10;9,39;22:20;82,6;97,8;4:20;55,68;20:40;1,76;205,7;7,65;12:13;187,7;4,44;9,02;4,91;1,35
05/11/2011;13,25;17,06;14:10;9,53;2:00;59,65;77,2;1:00;45,14;15:10;2,29;266,6;7,95;14:09;283,4;14,42;0;0;2,27
06/11/2011;14,95;19;14:10;11,54;1:50;48,91;73,6;23:50;34,3;14:20;2,56;294,8;7,67;11:38;330,7;13,91;0,39;0;2,78
07/11/2011;13,98;19,07;13:10;9,59;7:00;73,1;92,7;23:20;49,39;12:40;0,7;114,2;3,1;14:29;272,2;9,24;0,78;0;1,32
08/11/2011;13,66;20,99;13:50;8,85;4:50;70,9;92,5;0:30;39,77;14:30;1,07;102,1;4,31;15:37;191,8;13,54;0,2;0;1,8
09/11/2011;13,77;20,94;13:00;8,72;23:50;73;93;23:50;49,44;12:20;1,21;109,2;4,18;14:19;202,4;13,59;0;0;1,77
10/11/2011;13,1;21,41;12:30;6,69;5:50;76,9;95,6;2:50;44,84;12:00;1,06;134,3;5,71;15:17;232,8;13;0;0;1,7
11/11/2011;13,57;22,34;14:10;6,96;5:30;78;98,4;3:10;42,53;14:00;0,84;114,9;3,62;14:44;209,6;12,58;0;0;1,59
12/11/2011;14,51;20,28;12:40;7,3;6:30;80,4;94,5;7:10;56,77;13:10;1,74;57,39;6,22;13:36;51,77;11,36;0;0;1,72
13/11/2011;16,83;20,35;13:00;14,92;23:20;83,2;93,9;0:30;58,19;12:40;2,39;44,3;6,1;15:09;58,13;8,07;0;0;1,84
14/11/2011;15,66;18,07;13:10;14,11;23:50;86;97,1;21:50;70,3;14:10;1,92;49,35;5,48;14:53;41,23;3,55;0,59;0;1,15
15/11/2011;13,55;19,79;12:40;8,86;22:40;66,68;99;4:40;34,1;15:10;1,11;100,1;4,79;14:34;268,6;12,09;0;0;1,63
16/11/2011;12,14;19,52;14:30;7,17;4:00;65,55;91,3;23:40;34,56;12:30;1,02;112,2;4,14;15:07;206,3;12,64;0;0;1,58
17/11/2011;12,26;17,19;13:10;6,56;5:10;74,9;92,8;0:10;56,72;13:40;1,31;56,08;4,74;13:19;35,08;6,86;0,2;0;1,26
18/11/2011;13,19;14,85;14:20;12,22;23:20;93;98,5;23:00;85,6;1:00;1,33;45,7;3,77;14:32;45,96;3,2;4,9;1,77;0,73
19/11/2011;13,94;17,52;13:20;11,13;6:30;88,4;98,9;7:00;70,7;15:10;0,8;49,08;3,44;13:22;9,42;7,82;0;0;1
20/11/2011;14,61;17,6;12:40;12,62;3:50;89,3;98,4;3:40;70,3;15:10;1,51;42,1;4,93;13:22;42,29;4,61;1,76;0;1,05
21/11/2011;14,11;18;13:20;11,41;7:10;77,9;96,9;0:00;57,19;15:40;1,22;20,09;5,62;13:38;354,5;7,94;1,76;0;1,25
22/11/2011;14,15;18,06;11:10;9,52;23:50;68,77;85,6;8:00;48,26;14:50;1,03;63,99;4,64;14:56;4,23;7,88;0;0;1,3
23/11/2011;12,08;14,71;13:40;9,46;0:10;83,1;95;21:10;64,97;4:20;1,07;60,79;5,6;15:05;53,74;4,06;1,18;0;0,93
24/11/2011;12,72;15,45;14:30;10,87;6:00;85,4;96,5;3:20;73,3;14:20;1,16;44,47;4,02;14:58;13,46;4;2,16;0;0,87
25/11/2011;12,03;17,33;12:40;7,84;22:00;80,6;96,5;22:50;50,55;13:00;1,13;80,5;6,01;14:25;37,86;10,13;0;0;1,23
26/11/2011;10,42;17,37;13:40;6,16;5:40;72,9;94,1;0:30;38,16;14:20;1,22;83,5;5,6;15:20;70,6;11,57;0;0;1,41
27/11/2011;9,63;15,68;12:20;4,54;2:50;74;93,3;1:30;50,14;12:30;1,14;73,4;4,93;15:12;48,35;9,62;0;0;1,16
28/11/2011;12,38;16,13;14:20;8,65;0:20;78,4;95,2;19:20;61,68;13:50;1,3;49,8;4,75;5:00;338,2;3,72;0,59;0;1,04
29/11/2011;11,32;16,7;16:00;;15:58;83,9;93,7;23:40;;15:58;0,99;152,8;3,38;16:22;198,5;;0;;
30/11/2011;11,19;17,2;15:50;6,96;23:10;82,8;97,5;23:50;60,98;13:00;0,82;88,3;3,96;4:15;105;7;0;0;0,94
01/12/2011;10,59;17,45;15:20;6,29;1:10;86,7;99,7;23:40;62,04;14:30;0,74;79,4;2,85;3:01;28,97;8,58;0,2;0;0,91
02/12/2011;10,04;15,91;12:40;5,61;7:10;84,8;99,7;0:30;51,1;12:50;1,02;56,4;6,5;21:02;13,57;5,18;7,64;3,89;1,03
03/12/2011;10,04;14,56;13:30;6,42;23:10;87,5;97,5;23:40;69,12;13:30;0,76;40,02;3,37;12:59;0,86;4,38;9,6;5,33;0,76
04/12/2011;10,19;17,31;14:20;5,95;5:50;83,6;98,3;6:30;51,56;14:10;0,87;141,9;3,68;15:22;200,9;10,49;0;0;1,02
05/12/2011;11,12;18,66;15:30;6,42;0:10;72,8;95;0:20;43,24;12:20;0,98;111;3,12;2:32;83,2;10,74;0;0;1,2
06/12/2011;12,46;20,74;14:30;6,82;6:10;68,47;89,3;20:10;38,01;14:10;1,06;102;4,12;15:10;206,2;10,91;0;0;1,39
07/12/2011;10,84;18,86;14:30;4,87;4:50;73,2;93,3;4:50;43,43;14:10;0,99;78,5;3,55;3:12;83;10,83;0;0;1,19
08/12/2011;10,53;18,12;12:40;5,34;3:10;75,3;99,1;23:50;45,14;11:40;0,87;54,16;3,25;0:04;61,88;10,1;0;0;1,06
09/12/2011;8,27;14,64;14:30;2,98;6:30;90,8;99,8;3:40;68,38;15:00;0,52;129,5;3,41;14:40;262,8;6,37;0,2;0;0,67
10/12/2011;10,09;16,13;15:50;5,61;1:50;71,8;97,5;0:20;47,87;16:00;0,84;78,7;2,72;4:05;105,6;6,33;0;0;0,96
11/12/2011;9,89;15,91;14:40;4,2;23:30;71,9;91,2;23:40;46,84;15:30;0,92;113,2;4,42;15:09;281,1;6,91;0;0;1,02
12/12/2011;8,92;17,17;14:10;2,85;6:40;77;94,9;5:00;42,43;13:50;0,78;114,1;2,92;22:46;98,1;8,03;0;0;0,99
13/12/2011;9,33;17,17;13:30;3,18;5:30;74,4;96,3;1:10;41;13:30;0,95;83,5;3,51;14:19;0,1;10,71;0;0;1,07
14/12/2011;10,64;18,67;15:10;4,41;5:30;73,5;91,1;0:20;47,02;13:00;0,87;130,6;2,67;11:12;306,4;9,6;0;0;1,06
15/12/2011;10,65;17,44;13:50;4,26;23:50;72,7;97,8;23:50;35,52;13:30;0,93;135;3,59;14:51;190,8;9,96;0;0;1,1
16/12/2011;11,35;18,96;13:00;1,97;3:30;60,21;98,9;0:50;28,29;15:40;1,58;157,5;6,76;14:20;216,4;7,33;0;0;1,7
17/12/2011;10,98;15,04;13:50;2,92;23:30;54,77;80,1;3:00;28,64;13:30;1,66;20,09;6,72;11:20;314,8;6,32;0;0;1,58
18/12/2011;7,57;13,47;13:50;2,79;5:50;53,52;72,9;5:50;31,74;13:40;1,41;57,01;5,57;11:37;19,81;10,87;0;0;1,33
19/12/2011;6,73;13,08;13:10;1,84;5:10;53,63;76,8;21:40;29,38;14:30;1,14;98,9;4,35;13:30;21,15;10,03;0;0;1,17
20/12/2011;12,41;17,79;15:00;;12:41;38,23;54,74;23:30;;12:41;1,1;181,9;3,9;22:25;227,6;;0;;
21/12/2011;14,89;21,62;12:50;7,64;23:20;48,48;78,2;23:00;31,93;13:00;1,62;45,6;6,17;13:35;347,9;9,91;0;0;1,89
22/12/2011;12,24;21,35;13:10;5,07;22:40;58,17;87,8;22:50;26,18;13:10;1,13;113,5;3,9;8:25;77,7;10,73;0;0;1,53
23/12/2011;10,34;18,73;13:00;2,99;23:40;61,83;95,3;23:50;35,52;12:10;1,2;111,3;3,91;14:28;246,1;10,74;0;0;1,34
24/12/2011;9,35;16,24;12:10;2,38;1:10;65,28;95,8;23:30;42,26;10:10;1,29;80,6;5,12;12:22;52,28;9,81;0;0;1,2
25/12/2011;7,92;14,42;13:40;3,93;1:00;82,2;97,1;0:10;56,04;13:30;1,12;68,98;4,29;13:46;354,5;9,47;0;0;0,93
26/12/2011;8,88;13,16;14:30;3,73;22:30;83,4;98,7;9:30;60,47;16:20;1,17;67,65;4,43;10:53;24,04;5,42;0,2;0;0,86
27/12/2011;8,33;13,81;13:40;3,06;7:40;67,86;89,4;5:30;41,47;20:10;1,15;60,15;5,21;19:22;10,01;9,01;0;0;1,08
28/12/2011;9,41;15,63;15:00;2,98;23:40;71,2;92,8;23:50;44,53;15:10;0,88;87,2;4,26;11:07;288,2;9,84;0;0;0,96
29/12/2011;8,59;15,16;14:30;2,18;1:10;62,51;94,4;1:20;38,98;14:30;0,96;107,4;5,07;16:19;148,6;9,76;0;0;1,03
30/12/2011;8,22;15,97;14:40;2,38;6:20;51,28;69,21;19:50;25,79;13:00;1,08;149;4,11;15:28;191,2;10,8;0;0;1,31
31/12/2011;12,22;20,94;13:00;4,06;7:40;49,32;70,9;21:50;33,08;12:10;1,07;111,8;3,87;2:22;330,3;10,5;0;0;1,47
